2.365052269033409953e+08
2.248863434154626727e+08
