4.765165490117316160e+00 4.322819380840176251e+00 4.176348140195974487e-03 -1.860001788934609671e-02 3.601205275030334996e-02 -1.952659988293046350e-02 -2.058005418878266352e-02 -4.323830472423981913e-02 2.638493933900832103e-02 9.822090815029840827e-03
4.322819380840176251e+00 4.819761961105958115e+00 4.040896521841910380e-04 -1.646636110431917450e-03 3.599743109487939241e-02 -6.919274402161101727e-03 -5.158516193789761291e-03 -3.645493029375839605e-02 6.382660358622932635e-03 6.245927165925601460e-03
4.176348140195974487e-03 4.040896521841927185e-04 4.905165382021744319e-02 5.077050333802604750e-04 1.277676928740757853e-03 8.039856116912803179e-04 -2.187570584975285018e-03 5.189745747305701644e-03 -2.360239401338161142e-03 -7.195669248183541016e-04
-1.860001788934609671e-02 -1.646636110431915715e-03 5.077050333802604750e-04 5.216860907854752039e-02 -1.214467221620420256e-03 -3.403628501879364145e-03 1.303602146377364716e-03 -4.481121166463187112e-04 1.397583487182656181e-03 2.538438156917711096e-03
3.601205275030336384e-02 3.599743109487940629e-02 1.277676928740757853e-03 -1.214467221620420256e-03 5.538271650453495398e-02 2.704707678539403689e-03 -1.863009779455545786e-03 1.940696566758248840e-03 -4.352080911648149690e-03 -2.815876557101436523e-04
-1.952659988293046350e-02 -6.919274402161099125e-03 8.039856116912803179e-04 -3.403628501879364145e-03 2.704707678539403689e-03 5.152760864439621946e-02 -7.844027125655062905e-04 2.839460886061906386e-03 -8.883926332785510192e-04 -2.960514520224174530e-03
-2.058005418878266699e-02 -5.158516193789764760e-03 -2.187570584975285018e-03 1.303602146377364933e-03 -1.863009779455545786e-03 -7.844027125655059652e-04 5.733757055146807002e-02 3.931981267267929334e-03 2.914817819803922332e-03 -6.940897460006612354e-03
-4.323830472423981913e-02 -3.645493029375839605e-02 5.189745747305699909e-03 -4.481121166463187112e-04 1.940696566758249491e-03 2.839460886061906386e-03 3.931981267267929334e-03 4.588197790626229872e-02 3.637285489385447181e-03 -1.195307821439680869e-03
2.638493933900832450e-02 6.382660358622932635e-03 -2.360239401338161576e-03 1.397583487182656181e-03 -4.352080911648149690e-03 -8.883926332785510192e-04 2.914817819803922332e-03 3.637285489385447181e-03 4.748186696672800772e-02 -1.936607886658434086e-03
9.822090815029840827e-03 6.245927165925601460e-03 -7.195669248183542100e-04 2.538438156917711096e-03 -2.815876557101437607e-04 -2.960514520224174963e-03 -6.940897460006612354e-03 -1.195307821439680869e-03 -1.936607886658434086e-03 5.624054530457167633e-02
