4.367697234890252078e-01
5.632302765109747922e-01
