<?xml version="1.0" encoding="UTF-8"?>
<BorderFile Version="3" Structure="CORTEX_LEFT" SurfaceNumberOfVertices="32492">
    <MetaData>
        <MD>
            <Name>ParentProvenance</Name>
            <Value>Schaefer2018_200Parcels_7Networks_order_Tian_Subcortex_S2.dlabel.nii:
/Applications/workbench/bin_macosx64/../macosx64_apps/wb_command.app/Contents/MacOS/wb_command -cifti-create-dense-from-template /Users/yetian/Desktop/Resource/HCP_S1200_GroupAvg_v1/91282_Greyordinates.dscalar.nii /Users/yetian/Desktop/Resource/Tian2020MSA/3T/Cortex-Subcortex/Schaefer2018_200Parcels_7Networks_order_Tian_Subcortex_S2.dlabel.nii -cifti /Users/yetian/Desktop/Resource/Schaefer2018parcellationHCP/Schaefer2018_200Parcels_7Networks_order.dlabel.nii -volume-all Tian_Subcortex_S2_3T_label_volume.nii -label-collision LEGACY

fs_LR.32k.L.midthickness.surf.gii:
/NRG/BlueArc/nrgpackages/tools/hcp-pipeline-tools/global/binaries/caret7/bin_rh_linux64/../exe_rh_linux64/wb_command -surface-resample /HCP/hcpdb/build_ssd/chpc/BUILD/HCP_Staging/1396060669_100307/STRUCTURAL//100307/MNINonLinear/Native/100307.L.midthickness.native.surf.gii /HCP/hcpdb/build_ssd/chpc/BUILD/HCP_Staging/1396060669_100307/STRUCTURAL//100307/MNINonLinear/Native/100307.L.sphere.MSMSulc.native.surf.gii /HCP/hcpdb/build_ssd/chpc/BUILD/HCP_Staging/1396060669_100307/STRUCTURAL//100307/MNINonLinear/fsaverage_LR32k/100307.L.sphere.32k_fs_LR.surf.gii BARYCENTRIC /HCP/hcpdb/build_ssd/chpc/BUILD/HCP_Staging/1396060669_100307/STRUCTURAL//100307/MNINonLinear/fsaverage_LR32k/100307.L.midthickness.32k_fs_LR.surf.gii

</Value>
        </MD>
        <MD>
            <Name>ProgramProvenance</Name>
            <Value>Connectome Workbench
Type: Command Line Application
Version: 1.4.2
Qt Compiled Version: 5.7.0
Qt Runtime Version: 5.7.0
Commit: 092b7f2f7dfab0f9ea7cbb6c1db2e5dffd2c1045
Commit Date: 2020-01-07 17:24:23 -0600
Compiled with OpenMP: YES
Compiler: g++ (/export/gcc-4.8.5/bin)
Compiler Version: 4.8.5
Compiled Debug: NO
Operating System: Linux
</Value>
        </MD>
        <MD>
            <Name>Provenance</Name>
            <Value>/usr/local/nru/humanconnectome/workbench/bin_rh_linux64/../exe_rh_linux64/wb_command -cifti-label-to-border Schaefer2018_200Parcels_7Networks_order_Tian_Subcortex_S2.dlabel.nii -placement 0.99 -border fs_LR.32k.L.midthickness.surf.gii border_out.border</Value>
        </MD>
        <MD>
            <Name>WorkingDirectory</Name>
            <Value>/indirect/staff/anderssolsen/p3_spectral/data/external</Value>
        </MD>
    </MetaData>
    <Class Name="parcels" Red="0" Green="0" Blue="0">
        <Border Name="7Networks_LH_Vis_1" Red="0.470588" Green="0.0705882" Blue="0.505882">
            <BorderPart Closed="True">
                <Vertices>121 120 1714
1714 120 1710
1714 1710 120
1711 1710 1706
1706 1710 1705
1706 1705 1700
1706 1700 1705
1701 1700 1694
1694 1700 1693
1694 1693 1686
1694 1686 1693
1687 1686 1678
1687 1678 1686
1679 1678 1669
1669 1678 1668
1669 1668 1658
1669 1658 1668
1659 1658 1647
1659 1647 1658
1659 1648 1647
1660 1648 1659
1660 1649 1648
1661 1649 1660
1661 1650 1649
1661 1662 1650
1672 1662 1661
1672 1673 1662
1682 1673 1672
1682 1683 1673
1691 1683 1682
1691 171 1683
172 171 1691
172 26687 26639
172 26639 26687
173 26639 26590
26590 26639 26589
26590 26589 26539
26539 26589 26538
26539 26538 26487
26487 26538 26486
26487 26486 26434
26487 26434 26486
26435 26434 26381
26381 26434 26380
26381 26380 26326
26326 26380 26325
26326 26325 21493
21493 26325 21494
21493 21494 23119
23119 21494 23112
23119 23112 21494
23113 23112 23105
23113 23105 23112
23106 23105 23097
23106 23097 23105
23106 23098 23097
23107 23098 23106
23099 23098 23089
23089 23098 23088
23089 23088 23078
23089 23078 23088
23079 23078 23067
23079 23067 23078
23068 23067 23055
23068 23055 23067
23056 23055 23042
23056 23042 23055
23043 23042 23028
23028 23042 23027
23028 23027 23012
23028 23012 23027
23013 23012 22996
23013 22996 23012
22997 22996 22979
22979 22996 22978
22979 22978 22960
22979 22960 22978
22979 22961 22960
22980 22961 22979
22962 22961 22942
22962 22942 22961
22962 22943 22942
22962 22963 22943
22981 22963 22962
22982 22963 22981
22964 22963 22944
22964 22944 22963
22964 22945 22944
22965 22945 22964
22965 22946 22945
22965 22966 22946
22984 22966 22965
22984 22985 22966
22984 23002 23001
23001 23002 22984
23018 23002 23001
23019 23002 23018
23019 23003 23002
23019 21560 23003
21559 21560 23019
21559 24600 21560
21559 24616 24600
21558 24616 21559
24631 24616 21558
24631 24617 24616
24632 24617 24631
24632 24618 24617
24633 24618 24632
24633 24619 24618
24634 24619 24633
24634 24620 24619
24634 24635 24620
24648 24635 24634
24649 24635 24648
24649 24636 24635
24649 24650 24636
24662 24650 24649
24663 24650 24662
24663 24651 24650
24663 24664 24651
24675 24664 24663
24676 24664 24675
24676 24665 24664
24676 24677 24665
24687 24677 24676
24687 24688 24677
24697 24688 24687
24697 24698 24688
24697 24706 24705
24705 24706 24697
24705 24713 24712
24712 24713 24705
24712 24719 24718
24718 24719 24712
24724 24719 24718
24724 24725 24719
24724 24729 24728
24728 24729 24724
24732 24729 24728
24732 23192 24729
23193 23192 24732
23193 24738 24737
24737 24738 23193
24737 24792 24791
24791 24792 24737
24791 24845 121
121 24845 24791
</Vertices>
                <Weights>0.00999999 0.99 0
0.00999999 0.99 0
0.00999999 0.99 0
0.00999999 0.99 0
0.00999999 0.99 0
0.00999999 0.99 0
0.00999999 0.99 0
0.00999999 0.99 0
0.00999999 0.99 0
0.00999999 0.99 0
0.00999999 0.99 0
0.00999999 0.99 0
0.00999999 0.99 0
0.00999999 0.99 0
0.00999999 0.99 0
0.00999999 0.99 0
0.00999999 0.99 0
0.00999999 0.99 0
0.00999999 0.99 0
0.00999999 0.99 0
0.00999999 0.99 0
0.00999999 0.99 0
0.00999999 0.99 0
0.00999999 0.99 0
0.00999999 0.99 0
0.00999999 0.99 0
0.00999999 0.99 0
0.00999999 0.99 0
0.00999999 0.99 0
0.00999999 0.99 0
0.00999999 0.99 0
0.00999999 0.99 0
0.00999999 0.99 0
0.00999999 0.99 0
0.00999999 0.99 0
0.00999999 0.99 0
0.00999999 0.99 0
0.00999999 0.99 0
0.00999999 0.99 0
0.00999999 0.99 0
0.00999999 0.99 0
0.00999999 0.99 0
0.00999999 0.99 0
0.00999999 0.99 0
0.00999999 0.99 0
0.00999999 0.99 0
0.00999999 0.99 0
0.00999999 0.99 0
0.00999999 0.99 0
0.00999999 0.99 0
0.00999999 0.99 0
0.00999999 0.99 0
0.00999999 0.99 0
0.00999999 0.99 0
0.00999999 0.99 0
0.00999999 0.99 0
0.00999999 0.99 0
0.00999999 0.99 0
0.00999999 0.99 0
0.00999999 0.99 0
0.00999999 0.99 0
0.00999999 0.99 0
0.00999999 0.99 0
0.00999999 0.99 0
0.00999999 0.99 0
0.00999999 0.99 0
0.00999999 0.99 0
0.00999999 0.99 0
0.00999999 0.99 0
0.00999999 0.99 0
0.00999999 0.99 0
0.00999999 0.99 0
0.00999999 0.99 0
0.00999999 0.99 0
0.00999999 0.99 0
0.00999999 0.99 0
0.00999999 0.99 0
0.00999999 0.99 0
0.00999999 0.99 0
0.00999999 0.99 0
0.00999999 0.99 0
0.00999999 0.99 0
0.00999999 0.99 0
0.00999999 0.99 0
0.00999999 0.99 0
0.00999999 0.99 0
0.00999999 0.99 0
0.00999999 0.99 0
0.00999999 0.99 0
0.00999999 0.99 0
0.00999999 0.99 0
0.00999999 0.99 0
0.00999999 0.99 0
0.00999999 0.99 0
0.00999999 0.99 0
0.00999999 0.99 0
0.00999999 0.99 0
0.00999999 0.99 0
0.00999999 0.99 0
0.00999999 0.99 0
0.00999999 0.99 0
0.00999999 0.99 0
0.00999999 0.99 0
0.00999999 0.99 0
0.00999999 0.99 0
0.00999999 0.99 0
0.00999999 0.99 0
0.00999999 0.99 0
0.00999999 0.99 0
0.00999999 0.99 0
0.00999999 0.99 0
0.00999999 0.99 0
0.00999999 0.99 0
0.00999999 0.99 0
0.00999999 0.99 0
0.00999999 0.99 0
0.00999999 0.99 0
0.00999999 0.99 0
0.00999999 0.99 0
0.00999999 0.99 0
0.00999999 0.99 0
0.00999999 0.99 0
0.00999999 0.99 0
0.00999999 0.99 0
0.00999999 0.99 0
0.00999999 0.99 0
0.00999999 0.99 0
0.00999999 0.99 0
0.00999999 0.99 0
0.00999999 0.99 0
0.00999999 0.99 0
0.00999999 0.99 0
0.00999999 0.99 0
0.00999999 0.99 0
0.00999999 0.99 0
0.00999999 0.99 0
0.00999999 0.99 0
0.00999999 0.99 0
0.00999999 0.99 0
0.00999999 0.99 0
0.00999999 0.99 0
0.00999999 0.99 0
0.00999999 0.99 0
0.00999999 0.99 0
0.00999999 0.99 0
0.00999999 0.99 0
0.00999999 0.99 0
</Weights>
            </BorderPart>
        </Border>
        <Border Name="7Networks_LH_Vis_2" Red="0.470588" Green="0.0705882" Blue="0.509804">
            <BorderPart Closed="True">
                <Vertices>21560 21559 23019
21560 23019 23003
23003 23019 23002
23002 23019 23018
23002 23018 23001
23002 23001 22984
23002 22984 23001
22985 22984 22966
22966 22984 22965
22966 22965 22946
22966 22946 22965
22947 22946 22926
22947 22926 22946
22927 22926 22905
22927 22905 22926
22927 22906 22905
22928 22906 22927
22907 22906 22884
22907 22884 22906
22907 22885 22884
22908 22885 22907
22908 22886 22885
21566 22886 22908
21567 22886 22863
21567 22863 22886
21567 21568 22863
24436 21568 24411
24436 24411 21568
24412 24411 24386
24412 24386 24411
24387 24386 24360
24387 24360 24386
24361 24360 24333
24361 24333 24360
24334 24333 24305
24334 24305 24333
24306 24305 24276
24306 24276 24305
24277 24276 24246
24277 24246 24276
24247 24246 24215
24247 24215 24246
24216 24215 24183
24216 24183 24215
24184 24183 24150
24184 24150 24183
24151 24150 24116
24151 24116 24150
24117 24116 24081
24117 24081 24116
24117 24082 24081
24118 24082 24117
24083 24082 24046
24083 24046 24082
24047 24046 24009
24047 24009 24046
24047 24010 24009
24048 24010 24047
24011 24010 23972
24011 23972 24010
24011 23973 23972
24011 24012 23973
24049 24012 24011
24049 24050 24012
24086 24050 24049
24087 24050 24086
24087 24051 24050
24087 24088 24051
24123 24088 24087
24124 24088 24123
24124 24089 24088
24125 24089 24124
24125 24090 24089
24126 24090 24125
24126 24091 24090
24126 24127 24091
24161 24127 24126
24162 24127 24161
24128 24127 24092
24128 24092 24127
24128 24093 24092
24128 24129 24093
24163 24129 24128
24163 24164 24129
24197 24164 24163
24198 24164 24197
24198 24165 24164
24198 24199 24165
24231 24199 24198
24231 24232 24199
24263 24232 24231
24263 24264 24232
24294 24264 24263
24294 24295 24264
24324 24295 24294
24324 24325 24295
24353 24325 24324
24353 24354 24325
24353 24381 24380
24380 24381 24353
24380 24407 24406
24406 24407 24380
24432 24407 24406
24432 24433 24407
24432 24457 24456
24456 24457 24432
24456 24480 24479
24479 24480 24456
24502 24480 24479
24502 24503 24480
24502 24524 24523
24523 24524 24502
24544 24524 24523
24544 24545 24524
24544 24564 24563
24563 24564 24544
24563 24582 24581
24581 24582 24563
24581 24599 24598
24598 24599 24581
24598 24615 24614
24614 24615 24598
24614 24630 24629
24614 24629 24613
24613 24629 24628
24628 24629 24613
24628 24643 24642
24642 24643 24628
24642 24656 24655
24655 24656 24642
24655 24668 24667
24667 24668 24655
24679 24668 24667
24679 24680 24668
24679 24690 24689
24679 24689 24678
24678 24689 24688
24678 24688 24677
24678 24677 24666
24666 24677 24665
24665 24677 24676
24665 24676 24664
24664 24676 24675
24664 24675 24663
24664 24663 24651
24651 24663 24650
24650 24663 24662
24650 24662 24649
24650 24649 24636
24636 24649 24635
24635 24649 24648
24635 24648 24634
24635 24634 24620
24620 24634 24619
24619 24634 24633
24619 24633 24618
24618 24633 24632
24618 24632 24617
24617 24632 24631
24617 24631 24616
24616 24631 21558
24616 21558 21559
24616 21559 24600
24600 21559 21560
</Vertices>
                <Weights>0.00999999 0.99 0
0.00999999 0.99 0
0.00999999 0.99 0
0.00999999 0.99 0
0.00999999 0.99 0
0.00999999 0.99 0
0.00999999 0.99 0
0.00999999 0.99 0
0.00999999 0.99 0
0.00999999 0.99 0
0.00999999 0.99 0
0.00999999 0.99 0
0.00999999 0.99 0
0.00999999 0.99 0
0.00999999 0.99 0
0.00999999 0.99 0
0.00999999 0.99 0
0.00999999 0.99 0
0.00999999 0.99 0
0.00999999 0.99 0
0.00999999 0.99 0
0.00999999 0.99 0
0.00999999 0.99 0
0.00999999 0.99 0
0.00999999 0.99 0
0.00999999 0.99 0
0.00999999 0.99 0
0.00999999 0.99 0
0.00999999 0.99 0
0.00999999 0.99 0
0.00999999 0.99 0
0.00999999 0.99 0
0.00999999 0.99 0
0.00999999 0.99 0
0.00999999 0.99 0
0.00999999 0.99 0
0.00999999 0.99 0
0.00999999 0.99 0
0.00999999 0.99 0
0.00999999 0.99 0
0.00999999 0.99 0
0.00999999 0.99 0
0.00999999 0.99 0
0.00999999 0.99 0
0.00999999 0.99 0
0.00999999 0.99 0
0.00999999 0.99 0
0.00999999 0.99 0
0.00999999 0.99 0
0.00999999 0.99 0
0.00999999 0.99 0
0.00999999 0.99 0
0.00999999 0.99 0
0.00999999 0.99 0
0.00999999 0.99 0
0.00999999 0.99 0
0.00999999 0.99 0
0.00999999 0.99 0
0.00999999 0.99 0
0.00999999 0.99 0
0.00999999 0.99 0
0.00999999 0.99 0
0.00999999 0.99 0
0.00999999 0.99 0
0.00999999 0.99 0
0.00999999 0.99 0
0.00999999 0.99 0
0.00999999 0.99 0
0.00999999 0.99 0
0.00999999 0.99 0
0.00999999 0.99 0
0.00999999 0.99 0
0.00999999 0.99 0
0.00999999 0.99 0
0.00999999 0.99 0
0.00999999 0.99 0
0.00999999 0.99 0
0.00999999 0.99 0
0.00999999 0.99 0
0.00999999 0.99 0
0.00999999 0.99 0
0.00999999 0.99 0
0.00999999 0.99 0
0.00999999 0.99 0
0.00999999 0.99 0
0.00999999 0.99 0
0.00999999 0.99 0
0.00999999 0.99 0
0.00999999 0.99 0
0.00999999 0.99 0
0.00999999 0.99 0
0.00999999 0.99 0
0.00999999 0.99 0
0.00999999 0.99 0
0.00999999 0.99 0
0.00999999 0.99 0
0.00999999 0.99 0
0.00999999 0.99 0
0.00999999 0.99 0
0.00999999 0.99 0
0.00999999 0.99 0
0.00999999 0.99 0
0.00999999 0.99 0
0.00999999 0.99 0
0.00999999 0.99 0
0.00999999 0.99 0
0.00999999 0.99 0
0.00999999 0.99 0
0.00999999 0.99 0
0.00999999 0.99 0
0.00999999 0.99 0
0.00999999 0.99 0
0.00999999 0.99 0
0.00999999 0.99 0
0.00999999 0.99 0
0.00999999 0.99 0
0.00999999 0.99 0
0.00999999 0.99 0
0.00999999 0.99 0
0.00999999 0.99 0
0.00999999 0.99 0
0.00999999 0.99 0
0.00999999 0.99 0
0.00999999 0.99 0
0.00999999 0.99 0
0.00999999 0.99 0
0.00999999 0.99 0
0.00999999 0.99 0
0.00999999 0.99 0
0.00999999 0.99 0
0.00999999 0.99 0
0.00999999 0.99 0
0.00999999 0.99 0
0.00999999 0.99 0
0.00999999 0.99 0
0.00999999 0.99 0
0.00999999 0.99 0
0.00999999 0.99 0
0.00999999 0.99 0
0.00999999 0.99 0
0.00999999 0.99 0
0.00999999 0.99 0
0.00999999 0.99 0
0.00999999 0.99 0
0.00999999 0.99 0
0.00999999 0.99 0
0.00999999 0.99 0
0.00999999 0.99 0
0.00999999 0.99 0
0.00999999 0.99 0
0.00999999 0.99 0
0.00999999 0.99 0
0.00999999 0.99 0
0.00999999 0.99 0
0.00999999 0.99 0
0.00999999 0.99 0
0.00999999 0.99 0
0.00999999 0.99 0
0.00999999 0.99 0
0.00999999 0.99 0
0.00999999 0.99 0
0.00999999 0.99 0
0.00999999 0.99 0
0.00999999 0.99 0
</Weights>
            </BorderPart>
        </Border>
        <Border Name="7Networks_LH_Vis_3" Red="0.470588" Green="0.0705882" Blue="0.513726">
            <BorderPart Closed="True">
                <Vertices>15031 15030 15086
15031 15086 15030
15031 15087 15086
15032 15087 15031
15032 15088 15087
15032 15033 15088
23210 15033 23209
23210 23209 15033
23264 23209 23263
23264 23263 23209
23264 23317 23263
23318 23317 23264
23370 23317 23369
23370 23369 23317
23421 23369 23420
23421 23420 23369
23471 23420 23470
23470 23420 23419
23470 23419 23469
23470 23469 23419
23519 23469 23518
23519 23518 23469
23567 23518 23566
23567 23566 23518
23614 23566 23613
23614 23613 23566
23660 23613 23659
23659 23613 23612
23659 23612 23658
23659 23658 23612
23659 23704 23658
23705 23704 23659
23705 23749 23704
23750 23749 23705
23750 23793 23749
23794 23793 23750
23794 23836 23793
23837 23836 23794
23837 23878 23836
23879 23878 23837
23879 23919 23878
23920 23919 23879
23920 23959 23919
23960 23959 23920
23998 23959 23997
23998 23997 23959
23998 24035 23997
24036 24035 23998
24036 24072 24035
24073 24072 24036
24073 24108 24072
24109 24108 24073
24109 24143 24108
24144 24143 24109
24144 24177 24143
24178 24177 24144
24210 24177 24209
24210 24209 24177
24210 24241 24209
24242 24241 24210
24242 24272 24241
24242 24273 24272
24243 24273 24242
24243 24274 24273
24244 24274 24243
24244 24275 24274
24245 24275 24244
24276 24275 24245
24276 24305 24275
24276 24306 24305
24276 24277 24246
24246 24277 24276
24246 24247 24215
24215 24247 24246
24215 24216 24183
24183 24216 24215
24183 24184 24150
24150 24184 24183
24150 24151 24116
24116 24151 24150
24116 24117 24081
24081 24117 24116
24082 24117 24081
24082 24118 24117
24082 24083 24046
24046 24083 24082
24046 24047 24009
24009 24047 24046
24010 24047 24009
24010 24048 24047
24010 24011 23972
23972 24011 24010
23972 23973 23933
23972 23933 23932
23932 23933 23892
23892 23933 23932
23892 23893 23851
23892 23851 23850
23850 23851 23808
23808 23851 23850
23808 23809 23765
23808 23765 23764
23764 23765 23720
23720 23765 23764
23720 23721 23675
23675 23721 23720
23675 23676 23629
23675 23629 23628
23628 23629 23581
23628 23581 23580
23580 23581 23532
23580 23532 23531
23531 23532 23482
23531 23482 23481
23481 23482 23431
23481 23431 23430
23430 23431 23379
23430 23379 23378
23430 23378 23429
23429 23378 23377
23429 23377 23428
23428 23377 23376
23376 23377 23324
23376 23324 23323
23323 23324 23270
23323 23270 23269
23323 23269 23322
23322 23269 23268
23322 23268 23321
23321 23268 23267
23267 23268 23213
23267 23213 23212
23212 23213 15030
23212 15030 15031
</Vertices>
                <Weights>0.00999999 0.99 0
0.00999999 0.99 0
0.00999999 0.99 0
0.00999999 0.99 0
0.00999999 0.99 0
0.00999999 0.99 0
0.00999999 0.99 0
0.00999999 0.99 0
0.00999999 0.99 0
0.00999999 0.99 0
0.00999999 0.99 0
0.00999999 0.99 0
0.00999999 0.99 0
0.00999999 0.99 0
0.00999999 0.99 0
0.00999999 0.99 0
0.00999999 0.99 0
0.00999999 0.99 0
0.00999999 0.99 0
0.00999999 0.99 0
0.00999999 0.99 0
0.00999999 0.99 0
0.00999999 0.99 0
0.00999999 0.99 0
0.00999999 0.99 0
0.00999999 0.99 0
0.00999999 0.99 0
0.00999999 0.99 0
0.00999999 0.99 0
0.00999999 0.99 0
0.00999999 0.99 0
0.00999999 0.99 0
0.00999999 0.99 0
0.00999999 0.99 0
0.00999999 0.99 0
0.00999999 0.99 0
0.00999999 0.99 0
0.00999999 0.99 0
0.00999999 0.99 0
0.00999999 0.99 0
0.00999999 0.99 0
0.00999999 0.99 0
0.00999999 0.99 0
0.00999999 0.99 0
0.00999999 0.99 0
0.00999999 0.99 0
0.00999999 0.99 0
0.00999999 0.99 0
0.00999999 0.99 0
0.00999999 0.99 0
0.00999999 0.99 0
0.00999999 0.99 0
0.00999999 0.99 0
0.00999999 0.99 0
0.00999999 0.99 0
0.00999999 0.99 0
0.00999999 0.99 0
0.00999999 0.99 0
0.00999999 0.99 0
0.00999999 0.99 0
0.00999999 0.99 0
0.00999999 0.99 0
0.00999999 0.99 0
0.00999999 0.99 0
0.00999999 0.99 0
0.00999999 0.99 0
0.00999999 0.99 0
0.00999999 0.99 0
0.00999999 0.99 0
0.00999999 0.99 0
0.00999999 0.99 0
0.00999999 0.99 0
0.00999999 0.99 0
0.00999999 0.99 0
0.00999999 0.99 0
0.00999999 0.99 0
0.00999999 0.99 0
0.00999999 0.99 0
0.00999999 0.99 0
0.00999999 0.99 0
0.00999999 0.99 0
0.00999999 0.99 0
0.00999999 0.99 0
0.00999999 0.99 0
0.00999999 0.99 0
0.00999999 0.99 0
0.00999999 0.99 0
0.00999999 0.99 0
0.00999999 0.99 0
0.00999999 0.99 0
0.00999999 0.99 0
0.00999999 0.99 0
0.00999999 0.99 0
0.00999999 0.99 0
0.00999999 0.99 0
0.00999999 0.99 0
0.00999999 0.99 0
0.00999999 0.99 0
0.00999999 0.99 0
0.00999999 0.99 0
0.00999999 0.99 0
0.00999999 0.99 0
0.00999999 0.99 0
0.00999999 0.99 0
0.00999999 0.99 0
0.00999999 0.99 0
0.00999999 0.99 0
0.00999999 0.99 0
0.00999999 0.99 0
0.00999999 0.99 0
0.00999999 0.99 0
0.00999999 0.99 0
0.00999999 0.99 0
0.00999999 0.99 0
0.00999999 0.99 0
0.00999999 0.99 0
0.00999999 0.99 0
0.00999999 0.99 0
0.00999999 0.99 0
0.00999999 0.99 0
0.00999999 0.99 0
0.00999999 0.99 0
0.00999999 0.99 0
0.00999999 0.99 0
0.00999999 0.99 0
0.00999999 0.99 0
0.00999999 0.99 0
0.00999999 0.99 0
0.00999999 0.99 0
0.00999999 0.99 0
0.00999999 0.99 0
0.00999999 0.99 0
0.00999999 0.99 0
0.00999999 0.99 0
</Weights>
            </BorderPart>
        </Border>
        <Border Name="7Networks_LH_Vis_4" Red="0.470588" Green="0.0705882" Blue="0.517647">
            <BorderPart Closed="True">
                <Vertices>113 112 1654
113 1654 112
1665 1654 113
1665 1655 1654
1666 1655 1665
1666 1656 1655
1667 1656 1666
1657 1656 1645
1657 1645 1656
1657 1646 1645
1658 1646 1657
1658 1647 1646
1658 1659 1647
1658 1669 1668
1668 1669 1658
1678 1669 1668
1678 1679 1669
1678 1687 1686
1686 1687 1678
1686 1694 1693
1693 1694 1686
1700 1694 1693
1700 1701 1694
1700 1706 1705
1705 1706 1700
1710 1706 1705
1710 1711 1706
1710 1714 120
120 1714 1710
120 121 1714
24845 121 24791
24845 24791 121
24792 24791 24737
24792 24737 24791
24738 24737 23193
24738 23193 24737
23192 23193 24732
23192 24732 24729
24729 24732 24728
24729 24728 24724
24729 24724 24728
24725 24724 24719
24719 24724 24718
24719 24718 24712
24719 24712 24718
24713 24712 24705
24713 24705 24712
24706 24705 24697
24706 24697 24705
24698 24697 24688
24688 24697 24687
24688 24687 24677
24677 24687 24676
24677 24676 24665
24677 24665 24676
24677 24666 24665
24677 24678 24666
24688 24678 24677
24689 24678 24688
24689 24679 24678
24690 24679 24689
24680 24679 24668
24668 24679 24667
24668 24667 24655
24668 24655 24667
24656 24655 24642
24656 24642 24655
24643 24642 24628
24643 24628 24642
24629 24628 24613
24629 24613 24628
24629 24614 24613
24630 24614 24629
24615 24614 24598
24615 24598 24614
24599 24598 24581
24599 24581 24598
24582 24581 24563
24582 24563 24581
24564 24563 24544
24564 24544 24563
24564 24545 24544
24564 23176 24545
23177 23176 24564
24754 23176 23177
24754 24755 23176
24754 24809 24808
24808 24809 24754
24808 24862 24861
24861 24862 24808
24861 24914 24913
24913 24914 24861
24913 24965 24964
24964 24965 24913
24964 25015 25014
25014 25015 24964
25064 25015 25014
25064 25065 25015
25064 25113 25112
25112 25113 25064
25112 25160 25159
25112 25159 25111
25111 25159 25158
25158 25159 25111
25158 25205 25204
25204 25205 25158
25204 25250 25249
25249 25250 25204
25249 25294 25293
25249 25293 25248
25248 25293 25292
25292 25293 25248
25292 25336 25335
25292 25335 25291
25291 25335 25334
25291 25334 25290
25290 25334 25333
25290 25333 25289
25290 25289 25245
25245 25289 25244
25244 25289 25288
25244 25288 25243
25243 25288 25287
25243 25287 25242
25242 25287 25286
25242 25286 25241
25241 25286 112
25241 112 113
</Vertices>
                <Weights>0.00999999 0.99 0
0.00999999 0.99 0
0.00999999 0.99 0
0.00999999 0.99 0
0.00999999 0.99 0
0.00999999 0.99 0
0.00999999 0.99 0
0.00999999 0.99 0
0.00999999 0.99 0
0.00999999 0.99 0
0.00999999 0.99 0
0.00999999 0.99 0
0.00999999 0.99 0
0.00999999 0.99 0
0.00999999 0.99 0
0.00999999 0.99 0
0.00999999 0.99 0
0.00999999 0.99 0
0.00999999 0.99 0
0.00999999 0.99 0
0.00999999 0.99 0
0.00999999 0.99 0
0.00999999 0.99 0
0.00999999 0.99 0
0.00999999 0.99 0
0.00999999 0.99 0
0.00999999 0.99 0
0.00999999 0.99 0
0.00999999 0.99 0
0.00999999 0.99 0
0.00999999 0.99 0
0.00999999 0.99 0
0.00999999 0.99 0
0.00999999 0.99 0
0.00999999 0.99 0
0.00999999 0.99 0
0.00999999 0.99 0
0.00999999 0.99 0
0.00999999 0.99 0
0.00999999 0.99 0
0.00999999 0.99 0
0.00999999 0.99 0
0.00999999 0.99 0
0.00999999 0.99 0
0.00999999 0.99 0
0.00999999 0.99 0
0.00999999 0.99 0
0.00999999 0.99 0
0.00999999 0.99 0
0.00999999 0.99 0
0.00999999 0.99 0
0.00999999 0.99 0
0.00999999 0.99 0
0.00999999 0.99 0
0.00999999 0.99 0
0.00999999 0.99 0
0.00999999 0.99 0
0.00999999 0.99 0
0.00999999 0.99 0
0.00999999 0.99 0
0.00999999 0.99 0
0.00999999 0.99 0
0.00999999 0.99 0
0.00999999 0.99 0
0.00999999 0.99 0
0.00999999 0.99 0
0.00999999 0.99 0
0.00999999 0.99 0
0.00999999 0.99 0
0.00999999 0.99 0
0.00999999 0.99 0
0.00999999 0.99 0
0.00999999 0.99 0
0.00999999 0.99 0
0.00999999 0.99 0
0.00999999 0.99 0
0.00999999 0.99 0
0.00999999 0.99 0
0.00999999 0.99 0
0.00999999 0.99 0
0.00999999 0.99 0
0.00999999 0.99 0
0.00999999 0.99 0
0.00999999 0.99 0
0.00999999 0.99 0
0.00999999 0.99 0
0.00999999 0.99 0
0.00999999 0.99 0
0.00999999 0.99 0
0.00999999 0.99 0
0.00999999 0.99 0
0.00999999 0.99 0
0.00999999 0.99 0
0.00999999 0.99 0
0.00999999 0.99 0
0.00999999 0.99 0
0.00999999 0.99 0
0.00999999 0.99 0
0.00999999 0.99 0
0.00999999 0.99 0
0.00999999 0.99 0
0.00999999 0.99 0
0.00999999 0.99 0
0.00999999 0.99 0
0.00999999 0.99 0
0.00999999 0.99 0
0.00999999 0.99 0
0.00999999 0.99 0
0.00999999 0.99 0
0.00999999 0.99 0
0.00999999 0.99 0
0.00999999 0.99 0
0.00999999 0.99 0
0.00999999 0.99 0
0.00999999 0.99 0
0.00999999 0.99 0
0.00999999 0.99 0
0.00999999 0.99 0
0.00999999 0.99 0
0.00999999 0.99 0
0.00999999 0.99 0
0.00999999 0.99 0
0.00999999 0.99 0
0.00999999 0.99 0
0.00999999 0.99 0
0.00999999 0.99 0
0.00999999 0.99 0
0.00999999 0.99 0
</Weights>
            </BorderPart>
        </Border>
        <Border Name="7Networks_LH_Vis_5" Red="0.470588" Green="0.0705882" Blue="0.521569">
            <BorderPart Closed="True">
                <Vertices>23438 23386 23437
23438 23437 23386
23488 23437 23487
23488 23487 23437
23537 23487 23536
23537 23536 23487
23585 23536 23584
23585 23584 23536
23632 23584 23631
23631 23584 23583
23631 23583 23630
23631 23630 23583
23677 23630 23676
23676 23630 23629
23676 23629 23675
23676 23675 23629
23721 23675 23720
23721 23720 23675
23765 23720 23764
23765 23764 23720
23765 23808 23764
23809 23808 23765
23851 23808 23850
23851 23850 23808
23851 23892 23850
23893 23892 23851
23933 23892 23932
23933 23932 23892
23933 23972 23932
23973 23972 23933
23973 24011 23972
24012 24011 23973
24012 24049 24011
24050 24049 24012
24050 24086 24049
24050 24087 24086
24051 24087 24050
24088 24087 24051
24088 24123 24087
24088 24124 24123
24089 24124 24088
24089 24125 24124
24090 24125 24089
24090 24126 24125
24091 24126 24090
24127 24126 24091
24127 24161 24126
24127 24162 24161
24127 24128 24092
24092 24128 24127
24093 24128 24092
24129 24128 24093
24129 24163 24128
24164 24163 24129
24164 24197 24163
24164 24198 24197
24165 24198 24164
24199 24198 24165
24199 24231 24198
24232 24231 24199
24232 24263 24231
24264 24263 24232
24264 24294 24263
24295 24294 24264
24295 24324 24294
24325 24324 24295
24325 24353 24324
24325 24354 24353
24325 24326 24296
24325 24296 24295
24295 24296 24265
24265 24296 24295
24265 24266 24234
24234 24266 24265
24234 24235 24202
24202 24235 24234
24202 24203 24169
24169 24203 24202
24169 24170 24135
24135 24170 24169
24136 24170 24135
24136 24171 24170
24136 24137 24101
24101 24137 24136
24101 24102 24065
24065 24102 24101
24065 24066 24028
24028 24066 24065
24029 24066 24028
24029 24067 24066
24030 24067 24029
24030 24068 24067
24030 24031 23992
23992 24031 24030
23992 23993 23953
23992 23953 23952
23952 23953 23912
23912 23953 23952
23912 23913 23871
23912 23871 23870
23870 23871 23828
23828 23871 23870
23828 23829 23785
23828 23785 23784
23828 23784 23827
23827 23784 23783
23783 23784 23739
23783 23739 23738
23738 23739 23693
23738 23693 23692
23692 23693 23646
23692 23646 23645
23692 23645 23691
23691 23645 23644
23644 23645 23597
23644 23597 23596
23596 23597 23548
23596 23548 23547
23547 23548 23498
23547 23498 23497
23547 23497 23546
23547 23546 23497
23595 23546 23594
23594 23546 23545
23545 23546 23496
23545 23496 23495
23545 23495 23544
23544 23495 23494
23494 23495 23444
23494 23444 23443
23494 23443 23493
23493 23443 23442
23493 23442 23492
23492 23442 23441
23441 23442 23390
23441 23390 23389
23441 23389 23440
23440 23389 23388
23440 23388 23439
23439 23388 23387
23439 23387 23438
23438 23387 23386
</Vertices>
                <Weights>0.00999999 0.99 0
0.00999999 0.99 0
0.00999999 0.99 0
0.00999999 0.99 0
0.00999999 0.99 0
0.00999999 0.99 0
0.00999999 0.99 0
0.00999999 0.99 0
0.00999999 0.99 0
0.00999999 0.99 0
0.00999999 0.99 0
0.00999999 0.99 0
0.00999999 0.99 0
0.00999999 0.99 0
0.00999999 0.99 0
0.00999999 0.99 0
0.00999999 0.99 0
0.00999999 0.99 0
0.00999999 0.99 0
0.00999999 0.99 0
0.00999999 0.99 0
0.00999999 0.99 0
0.00999999 0.99 0
0.00999999 0.99 0
0.00999999 0.99 0
0.00999999 0.99 0
0.00999999 0.99 0
0.00999999 0.99 0
0.00999999 0.99 0
0.00999999 0.99 0
0.00999999 0.99 0
0.00999999 0.99 0
0.00999999 0.99 0
0.00999999 0.99 0
0.00999999 0.99 0
0.00999999 0.99 0
0.00999999 0.99 0
0.00999999 0.99 0
0.00999999 0.99 0
0.00999999 0.99 0
0.00999999 0.99 0
0.00999999 0.99 0
0.00999999 0.99 0
0.00999999 0.99 0
0.00999999 0.99 0
0.00999999 0.99 0
0.00999999 0.99 0
0.00999999 0.99 0
0.00999999 0.99 0
0.00999999 0.99 0
0.00999999 0.99 0
0.00999999 0.99 0
0.00999999 0.99 0
0.00999999 0.99 0
0.00999999 0.99 0
0.00999999 0.99 0
0.00999999 0.99 0
0.00999999 0.99 0
0.00999999 0.99 0
0.00999999 0.99 0
0.00999999 0.99 0
0.00999999 0.99 0
0.00999999 0.99 0
0.00999999 0.99 0
0.00999999 0.99 0
0.00999999 0.99 0
0.00999999 0.99 0
0.00999999 0.99 0
0.00999999 0.99 0
0.00999999 0.99 0
0.00999999 0.99 0
0.00999999 0.99 0
0.00999999 0.99 0
0.00999999 0.99 0
0.00999999 0.99 0
0.00999999 0.99 0
0.00999999 0.99 0
0.00999999 0.99 0
0.00999999 0.99 0
0.00999999 0.99 0
0.00999999 0.99 0
0.00999999 0.99 0
0.00999999 0.99 0
0.00999999 0.99 0
0.00999999 0.99 0
0.00999999 0.99 0
0.00999999 0.99 0
0.00999999 0.99 0
0.00999999 0.99 0
0.00999999 0.99 0
0.00999999 0.99 0
0.00999999 0.99 0
0.00999999 0.99 0
0.00999999 0.99 0
0.00999999 0.99 0
0.00999999 0.99 0
0.00999999 0.99 0
0.00999999 0.99 0
0.00999999 0.99 0
0.00999999 0.99 0
0.00999999 0.99 0
0.00999999 0.99 0
0.00999999 0.99 0
0.00999999 0.99 0
0.00999999 0.99 0
0.00999999 0.99 0
0.00999999 0.99 0
0.00999999 0.99 0
0.00999999 0.99 0
0.00999999 0.99 0
0.00999999 0.99 0
0.00999999 0.99 0
0.00999999 0.99 0
0.00999999 0.99 0
0.00999999 0.99 0
0.00999999 0.99 0
0.00999999 0.99 0
0.00999999 0.99 0
0.00999999 0.99 0
0.00999999 0.99 0
0.00999999 0.99 0
0.00999999 0.99 0
0.00999999 0.99 0
0.00999999 0.99 0
0.00999999 0.99 0
0.00999999 0.99 0
0.00999999 0.99 0
0.00999999 0.99 0
0.00999999 0.99 0
0.00999999 0.99 0
0.00999999 0.99 0
0.00999999 0.99 0
0.00999999 0.99 0
0.00999999 0.99 0
0.00999999 0.99 0
0.00999999 0.99 0
0.00999999 0.99 0
0.00999999 0.99 0
0.00999999 0.99 0
0.00999999 0.99 0
0.00999999 0.99 0
0.00999999 0.99 0
</Weights>
            </BorderPart>
        </Border>
        <Border Name="7Networks_LH_Vis_6" Red="0.470588" Green="0.0705882" Blue="0.529412">
            <BorderPart Closed="True">
                <Vertices>1324 1295 1323
1324 1323 1295
1351 1323 1350
1350 1323 1322
1350 1322 1349
1350 1349 1322
1376 1349 1375
1375 1349 1348
1375 1348 1374
1375 1374 1348
1400 1374 1399
1400 1399 1374
1400 1424 1399
1425 1424 1400
1425 1448 1424
1449 1448 1425
1449 1471 1448
1472 1471 1449
1472 1493 1471
1494 1493 1472
1514 1493 1513
1514 1513 1493
1514 1533 1513
1534 1533 1514
1534 1552 1533
1553 1552 1534
1570 1552 1569
1570 1569 1552
1570 1586 1569
1587 1586 1570
1587 1602 1586
1603 1602 1587
1603 1617 1602
1618 1617 1603
1631 1617 1630
1631 1630 1617
1643 1630 1642
1643 1642 1630
1643 1654 1642
1655 1654 1643
1655 1665 1654
1655 1666 1665
1656 1666 1655
1656 1667 1666
1656 1657 1645
1645 1657 1656
1646 1657 1645
1646 1658 1657
1647 1658 1646
1647 1659 1658
1648 1659 1647
1648 1660 1659
1649 1660 1648
1649 1661 1660
1649 1650 1637
1637 1650 1649
1637 1638 1624
1624 1638 1637
1624 1625 1610
1624 1610 1609
1609 1610 1594
1594 1610 1609
1594 1595 1578
1594 1578 1577
1577 1578 1560
1560 1578 1577
1560 1561 1542
1560 1542 1541
1541 1542 1522
1541 1522 1521
1541 1521 1540
1540 1521 1520
1520 1521 1500
1520 1500 1499
1499 1500 1478
1478 1500 1499
1478 1479 1456
1478 1456 1455
1478 1455 1477
1477 1455 1454
1454 1455 1431
1431 1455 1454
1431 1432 1407
1431 1407 1406
1406 1407 1381
1406 1381 1380
1380 1381 1354
1380 1354 1353
1353 1354 1326
1353 1326 1325
1353 1325 1352
1352 1325 1324
1324 1325 1296
1324 1296 1295
</Vertices>
                <Weights>0.00999999 0.99 0
0.00999999 0.99 0
0.00999999 0.99 0
0.00999999 0.99 0
0.00999999 0.99 0
0.00999999 0.99 0
0.00999999 0.99 0
0.00999999 0.99 0
0.00999999 0.99 0
0.00999999 0.99 0
0.00999999 0.99 0
0.00999999 0.99 0
0.00999999 0.99 0
0.00999999 0.99 0
0.00999999 0.99 0
0.00999999 0.99 0
0.00999999 0.99 0
0.00999999 0.99 0
0.00999999 0.99 0
0.00999999 0.99 0
0.00999999 0.99 0
0.00999999 0.99 0
0.00999999 0.99 0
0.00999999 0.99 0
0.00999999 0.99 0
0.00999999 0.99 0
0.00999999 0.99 0
0.00999999 0.99 0
0.00999999 0.99 0
0.00999999 0.99 0
0.00999999 0.99 0
0.00999999 0.99 0
0.00999999 0.99 0
0.00999999 0.99 0
0.00999999 0.99 0
0.00999999 0.99 0
0.00999999 0.99 0
0.00999999 0.99 0
0.00999999 0.99 0
0.00999999 0.99 0
0.00999999 0.99 0
0.00999999 0.99 0
0.00999999 0.99 0
0.00999999 0.99 0
0.00999999 0.99 0
0.00999999 0.99 0
0.00999999 0.99 0
0.00999999 0.99 0
0.00999999 0.99 0
0.00999999 0.99 0
0.00999999 0.99 0
0.00999999 0.99 0
0.00999999 0.99 0
0.00999999 0.99 0
0.00999999 0.99 0
0.00999999 0.99 0
0.00999999 0.99 0
0.00999999 0.99 0
0.00999999 0.99 0
0.00999999 0.99 0
0.00999999 0.99 0
0.00999999 0.99 0
0.00999999 0.99 0
0.00999999 0.99 0
0.00999999 0.99 0
0.00999999 0.99 0
0.00999999 0.99 0
0.00999999 0.99 0
0.00999999 0.99 0
0.00999999 0.99 0
0.00999999 0.99 0
0.00999999 0.99 0
0.00999999 0.99 0
0.00999999 0.99 0
0.00999999 0.99 0
0.00999999 0.99 0
0.00999999 0.99 0
0.00999999 0.99 0
0.00999999 0.99 0
0.00999999 0.99 0
0.00999999 0.99 0
0.00999999 0.99 0
0.00999999 0.99 0
0.00999999 0.99 0
0.00999999 0.99 0
0.00999999 0.99 0
0.00999999 0.99 0
0.00999999 0.99 0
0.00999999 0.99 0
0.00999999 0.99 0
0.00999999 0.99 0
0.00999999 0.99 0
0.00999999 0.99 0
0.00999999 0.99 0
</Weights>
            </BorderPart>
        </Border>
        <Border Name="7Networks_LH_Vis_7" Red="0.470588" Green="0.0705882" Blue="0.533333">
            <BorderPart Closed="True">
                <Vertices>23152 23151 23789
23152 23789 23832
23832 23789 23788
23788 23789 23744
23788 23744 23743
23788 23743 23787
23788 23787 23743
23831 23787 23830
23830 23787 23786
23830 23786 23829
23829 23786 23785
23829 23785 23828
23829 23828 23785
23871 23828 23870
23871 23870 23828
23871 23912 23870
23913 23912 23871
23953 23912 23952
23953 23952 23912
23953 23992 23952
23993 23992 23953
24031 23992 24030
24031 24030 23992
24068 24030 24067
24067 24030 24029
24067 24029 24066
24066 24029 24028
24066 24028 24065
24066 24065 24028
24102 24065 24101
24102 24101 24065
24137 24101 24136
24137 24136 24101
24171 24136 24170
24170 24136 24135
24170 24135 24169
24170 24169 24135
24203 24169 24202
24203 24202 24169
24235 24202 24234
24235 24234 24202
24266 24234 24265
24266 24265 24234
24296 24265 24295
24296 24295 24265
24296 24325 24295
24326 24325 24296
24354 24325 24353
24354 24353 24325
24381 24353 24380
24381 24380 24353
24407 24380 24406
24407 24406 24380
24407 24432 24406
24433 24432 24407
24457 24432 24456
24457 24456 24432
24480 24456 24479
24480 24479 24456
24480 24502 24479
24503 24502 24480
24524 24502 24523
24524 24523 24502
24524 24544 24523
24545 24544 24524
24545 24564 24544
23176 24564 24545
23176 23177 24564
23176 24754 23177
24755 24754 23176
24809 24754 24808
24809 24808 24754
24862 24808 24861
24862 24861 24808
24914 24861 24913
24914 24913 24861
24965 24913 24964
24965 24964 24913
25015 24964 25014
25015 25014 24964
25015 25064 25014
25015 25065 25064
25016 25065 25015
25016 25066 25065
25017 25066 25016
25067 25066 25017
25067 25115 25066
25067 25116 25115
25068 25116 25067
25117 25116 25068
25117 25164 25116
25117 25165 25164
25118 25165 25117
25118 25166 25165
25119 25166 25118
25119 25167 25166
25120 25167 25119
25120 25168 25167
25121 25168 25120
25121 25169 25168
25122 25169 25121
25122 25170 25169
25123 25170 25122
25123 25171 25170
25124 25171 25123
25124 25172 25171
25124 25125 25076
25076 25125 25124
25077 25125 25076
25077 25126 25125
25078 25126 25077
25078 25127 25126
25079 25127 25078
25079 25128 25127
25080 25128 25079
25129 25128 25080
25129 25176 25128
25129 25177 25176
25130 25177 25129
25130 25178 25177
25131 25178 25130
25131 25179 25178
25132 25179 25131
25180 25179 25132
25180 25226 25179
25180 25227 25226
25180 25181 25133
25133 25181 25180
25133 25134 25085
25085 25134 25133
25086 25134 25085
25086 25135 25134
25086 25087 25037
25086 25037 25036
25036 25037 24986
25036 24986 24985
24985 24986 24934
24985 24934 24933
24985 24933 24984
24984 24933 24932
24932 24933 24880
24880 24933 24932
24880 24881 24827
24827 24881 24880
24828 24881 24827
24828 24882 24881
24829 24882 24828
24883 24882 24829
24883 24935 24882
24936 24935 24883
24936 24987 24935
24936 24988 24987
24936 24937 24884
24884 24937 24936
24885 24937 24884
24885 24938 24937
24885 24886 24832
24832 24886 24885
24833 24886 24832
24833 24887 24886
24833 24834 24779
24779 24834 24833
24779 24780 23151
24779 23151 23152
</Vertices>
                <Weights>0.00999999 0.99 0
0.00999999 0.99 0
0.00999999 0.99 0
0.00999999 0.99 0
0.00999999 0.99 0
0.00999999 0.99 0
0.00999999 0.99 0
0.00999999 0.99 0
0.00999999 0.99 0
0.00999999 0.99 0
0.00999999 0.99 0
0.00999999 0.99 0
0.00999999 0.99 0
0.00999999 0.99 0
0.00999999 0.99 0
0.00999999 0.99 0
0.00999999 0.99 0
0.00999999 0.99 0
0.00999999 0.99 0
0.00999999 0.99 0
0.00999999 0.99 0
0.00999999 0.99 0
0.00999999 0.99 0
0.00999999 0.99 0
0.00999999 0.99 0
0.00999999 0.99 0
0.00999999 0.99 0
0.00999999 0.99 0
0.00999999 0.99 0
0.00999999 0.99 0
0.00999999 0.99 0
0.00999999 0.99 0
0.00999999 0.99 0
0.00999999 0.99 0
0.00999999 0.99 0
0.00999999 0.99 0
0.00999999 0.99 0
0.00999999 0.99 0
0.00999999 0.99 0
0.00999999 0.99 0
0.00999999 0.99 0
0.00999999 0.99 0
0.00999999 0.99 0
0.00999999 0.99 0
0.00999999 0.99 0
0.00999999 0.99 0
0.00999999 0.99 0
0.00999999 0.99 0
0.00999999 0.99 0
0.00999999 0.99 0
0.00999999 0.99 0
0.00999999 0.99 0
0.00999999 0.99 0
0.00999999 0.99 0
0.00999999 0.99 0
0.00999999 0.99 0
0.00999999 0.99 0
0.00999999 0.99 0
0.00999999 0.99 0
0.00999999 0.99 0
0.00999999 0.99 0
0.00999999 0.99 0
0.00999999 0.99 0
0.00999999 0.99 0
0.00999999 0.99 0
0.00999999 0.99 0
0.00999999 0.99 0
0.00999999 0.99 0
0.00999999 0.99 0
0.00999999 0.99 0
0.00999999 0.99 0
0.00999999 0.99 0
0.00999999 0.99 0
0.00999999 0.99 0
0.00999999 0.99 0
0.00999999 0.99 0
0.00999999 0.99 0
0.00999999 0.99 0
0.00999999 0.99 0
0.00999999 0.99 0
0.00999999 0.99 0
0.00999999 0.99 0
0.00999999 0.99 0
0.00999999 0.99 0
0.00999999 0.99 0
0.00999999 0.99 0
0.00999999 0.99 0
0.00999999 0.99 0
0.00999999 0.99 0
0.00999999 0.99 0
0.00999999 0.99 0
0.00999999 0.99 0
0.00999999 0.99 0
0.00999999 0.99 0
0.00999999 0.99 0
0.00999999 0.99 0
0.00999999 0.99 0
0.00999999 0.99 0
0.00999999 0.99 0
0.00999999 0.99 0
0.00999999 0.99 0
0.00999999 0.99 0
0.00999999 0.99 0
0.00999999 0.99 0
0.00999999 0.99 0
0.00999999 0.99 0
0.00999999 0.99 0
0.00999999 0.99 0
0.00999999 0.99 0
0.00999999 0.99 0
0.00999999 0.99 0
0.00999999 0.99 0
0.00999999 0.99 0
0.00999999 0.99 0
0.00999999 0.99 0
0.00999999 0.99 0
0.00999999 0.99 0
0.00999999 0.99 0
0.00999999 0.99 0
0.00999999 0.99 0
0.00999999 0.99 0
0.00999999 0.99 0
0.00999999 0.99 0
0.00999999 0.99 0
0.00999999 0.99 0
0.00999999 0.99 0
0.00999999 0.99 0
0.00999999 0.99 0
0.00999999 0.99 0
0.00999999 0.99 0
0.00999999 0.99 0
0.00999999 0.99 0
0.00999999 0.99 0
0.00999999 0.99 0
0.00999999 0.99 0
0.00999999 0.99 0
0.00999999 0.99 0
0.00999999 0.99 0
0.00999999 0.99 0
0.00999999 0.99 0
0.00999999 0.99 0
0.00999999 0.99 0
0.00999999 0.99 0
0.00999999 0.99 0
0.00999999 0.99 0
0.00999999 0.99 0
0.00999999 0.99 0
0.00999999 0.99 0
0.00999999 0.99 0
0.00999999 0.99 0
0.00999999 0.99 0
0.00999999 0.99 0
0.00999999 0.99 0
0.00999999 0.99 0
0.00999999 0.99 0
0.00999999 0.99 0
0.00999999 0.99 0
0.00999999 0.99 0
0.00999999 0.99 0
0.00999999 0.99 0
0.00999999 0.99 0
0.00999999 0.99 0
0.00999999 0.99 0
0.00999999 0.99 0
</Weights>
            </BorderPart>
        </Border>
        <Border Name="7Networks_LH_Vis_8" Red="0.470588" Green="0.0705882" Blue="0.537255">
            <BorderPart Closed="True">
                <Vertices>15019 15018 15074
15074 15018 15073
15073 15018 15017
15073 15017 15072
15073 15072 15017
15073 15127 15072
15128 15127 15073
15181 15127 15180
15181 15180 15127
15233 15180 15232
15233 15232 15180
15233 15284 15232
15285 15284 15233
15335 15284 15334
15335 15334 15284
15384 15334 15383
15384 15383 15334
15384 15432 15383
15433 15432 15384
15480 15432 15479
15479 15432 15431
15479 15431 15478
15479 15478 15431
15479 15525 15478
15526 15525 15479
15571 15525 15570
15571 15570 15525
15571 15615 15570
15616 15615 15571
15659 15615 15658
15659 15658 15615
15659 15701 15658
15659 15702 15701
15660 15702 15659
15660 15703 15702
15661 15703 15660
15704 15703 15661
15704 15745 15703
15704 15746 15745
15705 15746 15704
15747 15746 15705
15747 15787 15746
15747 15788 15787
15748 15788 15747
15789 15788 15748
15789 15828 15788
15829 15828 15789
15829 15867 15828
15829 15868 15867
15830 15868 15829
15869 15868 15830
15869 15906 15868
15869 15907 15906
15870 15907 15869
