<?xml version="1.0" encoding="UTF-8"?>
<BorderFile Version="3" Structure="CORTEX_LEFT" SurfaceNumberOfVertices="32492">
    <MetaData>
        <MD>
            <Name>ParentProvenance</Name>
            <Value>Schaefer2018_100Parcels_7Networks_order_Tian_Subcortex_S1.dlabel.nii:
/Applications/workbench/bin_macosx64/../macosx64_apps/wb_command.app/Contents/MacOS/wb_command -cifti-create-dense-from-template /Users/yetian/Desktop/Resource/HCP_S1200_GroupAvg_v1/91282_Greyordinates.dscalar.nii /Users/yetian/Desktop/Resource/Tian2020MSA/3T/Cortex-Subcortex/Schaefer2018_100Parcels_7Networks_order_Tian_Subcortex_S1.dlabel.nii -cifti /Users/yetian/Desktop/Resource/Schaefer2018parcellations/HCP/fslr32k/cifti/Schaefer2018_100Parcels_7Networks_order.dlabel.nii -volume-all Tian_Subcortex_S1_3T_label_volume.nii -label-collision LEGACY

fs_LR.32k.L.midthickness.surf.gii:
/NRG/BlueArc/nrgpackages/tools/hcp-pipeline-tools/global/binaries/caret7/bin_rh_linux64/../exe_rh_linux64/wb_command -surface-resample /HCP/hcpdb/build_ssd/chpc/BUILD/HCP_Staging/1396060669_100307/STRUCTURAL//100307/MNINonLinear/Native/100307.L.midthickness.native.surf.gii /HCP/hcpdb/build_ssd/chpc/BUILD/HCP_Staging/1396060669_100307/STRUCTURAL//100307/MNINonLinear/Native/100307.L.sphere.MSMSulc.native.surf.gii /HCP/hcpdb/build_ssd/chpc/BUILD/HCP_Staging/1396060669_100307/STRUCTURAL//100307/MNINonLinear/fsaverage_LR32k/100307.L.sphere.32k_fs_LR.surf.gii BARYCENTRIC /HCP/hcpdb/build_ssd/chpc/BUILD/HCP_Staging/1396060669_100307/STRUCTURAL//100307/MNINonLinear/fsaverage_LR32k/100307.L.midthickness.32k_fs_LR.surf.gii

</Value>
        </MD>
        <MD>
            <Name>ProgramProvenance</Name>
            <Value>Connectome Workbench
Type: Command Line Application
Version: 1.5.0
Qt Compiled Version: 5.15.2
Qt Runtime Version: 5.15.3
Commit: unknown
Commit Date: unknown
Compiled with OpenMP: YES
Compiler: c++ (/usr/bin)
Compiler Version: 11.2.0
Compiled Debug: NO
Operating System: Linux
</Value>
        </MD>
        <MD>
            <Name>Provenance</Name>
            <Value>wb_command -cifti-label-to-border Schaefer2018_100Parcels_7Networks_order_Tian_Subcortex_S1.dlabel.nii -column 1 -placement 0.99 -border fs_LR.32k.L.midthickness.surf.gii border_out.border</Value>
        </MD>
        <MD>
            <Name>WorkingDirectory</Name>
            <Value>/home/ansol/OneDrive/Dokumenter/PhD/HCP</Value>
        </MD>
    </MetaData>
    <Class Name="parcels" Red="0" Green="0" Blue="0">
        <Border Name="7Networks_LH_Vis_1" Red="0.470588" Green="0.0705882" Blue="0.513726">
            <BorderPart Closed="True">
                <Vertices>167 166 1641
167 1641 1653
1653 1641 1640
1640 1641 1627
1640 1627 1626
1626 1627 1612
1612 1627 1626
1612 1613 1597
1612 1597 1596
1596 1597 1580
1596 1580 1579
1579 1580 1562
1579 1562 1561
1579 1561 1578
1578 1561 1560
1560 1561 1542
1560 1542 1541
1541 1542 1522
1541 1522 1521
1541 1521 1540
1541 1540 1521
1541 1559 1540
1560 1559 1541
1560 1577 1559
1578 1577 1560
1578 1594 1577
1595 1594 1578
1610 1594 1609
1610 1609 1594
1624 1609 1623
1624 1623 1609
1637 1623 1636
1637 1636 1623
1637 1649 1636
1650 1649 1637
1650 1661 1649
1662 1661 1650
1662 1672 1661
1673 1672 1662
1682 1672 1681
1682 1681 1672
1682 1690 1681
1691 1690 1682
1698 1690 1697
1698 1697 1690
1698 1704 1697
173 1704 1698
173 174 1704
26590 174 26540
26590 26540 26539
26539 26540 26488
26488 26540 26539
26488 26489 26436
26488 26436 26435
26435 26436 26382
26435 26382 26381
26381 26382 26327
26327 26382 26381
26327 26328 21491
26327 21491 21492
21492 21491 23130
21492 23130 23125
23125 23130 21492
23125 23126 23120
23120 23126 23125
23120 23121 23114
23114 23121 23120
23114 23115 23107
23114 23107 23106
23106 23107 23098
23098 23107 23106
23099 23107 23098
23099 23108 23107
23099 23100 23090
23090 23100 23099
23090 23091 23080
23090 23080 23079
23079 23080 23068
23068 23080 23079
23068 23069 23056
23056 23069 23068
23057 23069 23056
23057 23070 23069
23057 23058 23044
23044 23058 23057
23044 23045 23030
23030 23045 23044
23030 23031 23015
23015 23031 23030
23015 23016 22999
23015 22999 22998
22998 22999 22981
22998 22981 22980
22980 22981 22962
22980 22962 22961
22961 22962 22942
22961 22942 22941
22961 22941 22960
22960 22941 22940
22940 22941 22920
22940 22920 22919
22940 22919 22939
22939 22919 22918
22918 22919 22897
22918 22897 22896
22896 22897 22874
22896 22874 22873
22896 22873 22895
22895 22873 22872
22872 22873 22849
22872 22849 22848
22872 22848 22871
22871 22848 22847
22847 22848 22823
22847 22823 22822
22847 22822 22846
22846 22822 22821
22821 22822 22796
22821 22796 22795
22821 22795 22820
22820 22795 22794
22820 22794 22819
22819 22794 22793
22819 22793 22818
22818 22793 22792
22818 22792 22817
22818 22817 22792
22842 22817 22841
22842 22841 22817
22865 22841 22864
22865 22864 22841
22887 22864 21510
22887 21510 22864
21509 21510 22887
26309 21510 26308
26309 26308 21510
26363 26308 26362
26363 26362 26308
26363 26416 26362
26417 26416 26363
26469 26416 26468
26468 26416 26415
26415 26416 26362
26415 26362 26361
26415 26361 26414
26415 26414 26361
26467 26414 26466
26467 26466 26414
26518 26466 26517
26518 26517 26466
26568 26517 26567
26568 26567 26517
26568 26617 26567
26618 26617 26568
26618 26666 26617
26618 26667 26666
26619 26667 26618
26619 26668 26667
26620 26668 26619
26620 26669 26668
26621 26669 26620
26621 26670 26669
26622 26670 26621
26622 26671 26670
26623 26671 26622
26672 26671 26623
26672 26719 26671
26672 26720 26719
26672 26673 26624
26624 26673 26672
26625 26673 26624
26625 26674 26673
26626 26674 26625
26675 26674 26626
26675 26722 26674
26675 26723 26722
26676 26723 26675
26676 26724 26723
26677 26724 26676
26677 26725 26724
26678 26725 26677
26726 26725 26678
26726 26772 26725
26726 26773 26772
26727 26773 26726
26727 26774 26773
26728 26774 26727
26775 26774 26728
26775 26820 26774
26775 26821 26820
26776 26821 26775
26776 26822 26821
26777 26822 26776
26823 26822 26777
26823 26867 26822
26868 26867 26823
26868 26911 26867
26868 26912 26911
26869 26912 26868
167 26912 26869
</Vertices>
                <Weights>0.00999999 0.99 0
0.00999999 0.99 0
0.00999999 0.99 0
0.00999999 0.99 0
0.00999999 0.99 0
0.00999999 0.99 0
0.00999999 0.99 0
0.00999999 0.99 0
0.00999999 0.99 0
0.00999999 0.99 0
0.00999999 0.99 0
0.00999999 0.99 0
0.00999999 0.99 0
0.00999999 0.99 0
0.00999999 0.99 0
0.00999999 0.99 0
0.00999999 0.99 0
0.00999999 0.99 0
0.00999999 0.99 0
0.00999999 0.99 0
0.00999999 0.99 0
0.00999999 0.99 0
0.00999999 0.99 0
0.00999999 0.99 0
0.00999999 0.99 0
0.00999999 0.99 0
0.00999999 0.99 0
0.00999999 0.99 0
0.00999999 0.99 0
0.00999999 0.99 0
0.00999999 0.99 0
0.00999999 0.99 0
0.00999999 0.99 0
0.00999999 0.99 0
0.00999999 0.99 0
0.00999999 0.99 0
0.00999999 0.99 0
0.00999999 0.99 0
0.00999999 0.99 0
0.00999999 0.99 0
0.00999999 0.99 0
0.00999999 0.99 0
0.00999999 0.99 0
0.00999999 0.99 0
0.00999999 0.99 0
0.00999999 0.99 0
0.00999999 0.99 0
0.00999999 0.99 0
0.00999999 0.99 0
0.00999999 0.99 0
0.00999999 0.99 0
0.00999999 0.99 0
0.00999999 0.99 0
0.00999999 0.99 0
0.00999999 0.99 0
0.00999999 0.99 0
0.00999999 0.99 0
0.00999999 0.99 0
0.00999999 0.99 0
0.00999999 0.99 0
0.00999999 0.99 0
0.00999999 0.99 0
0.00999999 0.99 0
0.00999999 0.99 0
0.00999999 0.99 0
0.00999999 0.99 0
0.00999999 0.99 0
0.00999999 0.99 0
0.00999999 0.99 0
0.00999999 0.99 0
0.00999999 0.99 0
0.00999999 0.99 0
0.00999999 0.99 0
0.00999999 0.99 0
0.00999999 0.99 0
0.00999999 0.99 0
0.00999999 0.99 0
0.00999999 0.99 0
0.00999999 0.99 0
0.00999999 0.99 0
0.00999999 0.99 0
0.00999999 0.99 0
0.00999999 0.99 0
0.00999999 0.99 0
0.00999999 0.99 0
0.00999999 0.99 0
0.00999999 0.99 0
0.00999999 0.99 0
0.00999999 0.99 0
0.00999999 0.99 0
0.00999999 0.99 0
0.00999999 0.99 0
0.00999999 0.99 0
0.00999999 0.99 0
0.00999999 0.99 0
0.00999999 0.99 0
0.00999999 0.99 0
0.00999999 0.99 0
0.00999999 0.99 0
0.00999999 0.99 0
0.00999999 0.99 0
0.00999999 0.99 0
0.00999999 0.99 0
0.00999999 0.99 0
0.00999999 0.99 0
0.00999999 0.99 0
0.00999999 0.99 0
0.00999999 0.99 0
0.00999999 0.99 0
0.00999999 0.99 0
0.00999999 0.99 0
0.00999999 0.99 0
0.00999999 0.99 0
0.00999999 0.99 0
0.00999999 0.99 0
0.00999999 0.99 0
0.00999999 0.99 0
0.00999999 0.99 0
0.00999999 0.99 0
0.00999999 0.99 0
0.00999999 0.99 0
0.00999999 0.99 0
0.00999999 0.99 0
0.00999999 0.99 0
0.00999999 0.99 0
0.00999999 0.99 0
0.00999999 0.99 0
0.00999999 0.99 0
0.00999999 0.99 0
0.00999999 0.99 0
0.00999999 0.99 0
0.00999999 0.99 0
0.00999999 0.99 0
0.00999999 0.99 0
0.00999999 0.99 0
0.00999999 0.99 0
0.00999999 0.99 0
0.00999999 0.99 0
0.00999999 0.99 0
0.00999999 0.99 0
0.00999999 0.99 0
0.00999999 0.99 0
0.00999999 0.99 0
0.00999999 0.99 0
0.00999999 0.99 0
0.00999999 0.99 0
0.00999999 0.99 0
0.00999999 0.99 0
0.00999999 0.99 0
0.00999999 0.99 0
0.00999999 0.99 0
0.00999999 0.99 0
0.00999999 0.99 0
0.00999999 0.99 0
0.00999999 0.99 0
0.00999999 0.99 0
0.00999999 0.99 0
0.00999999 0.99 0
0.00999999 0.99 0
0.00999999 0.99 0
0.00999999 0.99 0
0.00999999 0.99 0
0.00999999 0.99 0
0.00999999 0.99 0
0.00999999 0.99 0
0.00999999 0.99 0
0.00999999 0.99 0
0.00999999 0.99 0
0.00999999 0.99 0
0.00999999 0.99 0
0.00999999 0.99 0
0.00999999 0.99 0
0.00999999 0.99 0
0.00999999 0.99 0
0.00999999 0.99 0
0.00999999 0.99 0
0.00999999 0.99 0
0.00999999 0.99 0
0.00999999 0.99 0
0.00999999 0.99 0
0.00999999 0.99 0
0.00999999 0.99 0
0.00999999 0.99 0
0.00999999 0.99 0
0.00999999 0.99 0
0.00999999 0.99 0
0.00999999 0.99 0
0.00999999 0.99 0
0.00999999 0.99 0
0.00999999 0.99 0
0.00999999 0.99 0
0.00999999 0.99 0
0.00999999 0.99 0
0.00999999 0.99 0
0.00999999 0.99 0
0.00999999 0.99 0
0.00999999 0.99 0
0.00999999 0.99 0
0.00999999 0.99 0
0.00999999 0.99 0
</Weights>
            </BorderPart>
        </Border>
        <Border Name="7Networks_LH_Vis_2" Red="0.470588" Green="0.0705882" Blue="0.517647">
            <BorderPart Closed="True">
                <Vertices>21559 21558 23034
21559 23034 23019
23019 23034 23018
23019 23018 23002
23002 23018 23001
23002 23001 22984
22984 23001 22983
22984 22983 22965
22984 22965 22983
22966 22965 22946
22966 22946 22965
22947 22946 22926
22947 22926 22946
22927 22926 22905
22927 22905 22926
22927 22906 22905
22928 22906 22927
22907 22906 22884
22907 22884 22906
22907 22885 22884
22908 22885 22907
22908 22886 22885
21566 22886 22908
21567 22886 22863
21567 22863 22886
21567 21568 22863
24436 21568 24411
24436 24411 21568
24412 24411 24386
24412 24386 24411
24387 24386 24360
24387 24360 24386
24361 24360 24333
24361 24333 24360
24334 24333 24305
24334 24305 24333
24306 24305 24276
24306 24276 24305
24277 24276 24246
24277 24246 24276
24247 24246 24215
24215 24246 24214
24215 24214 24182
24215 24182 24214
24183 24182 24149
24183 24149 24182
24150 24149 24115
24150 24115 24149
24150 24116 24115
24151 24116 24150
24117 24116 24081
24117 24081 24116
24082 24081 24045
24082 24045 24081
24082 24046 24045
24083 24046 24082
24047 24046 24009
24047 24009 24046
24047 24010 24009
24047 24048 24010
24084 24048 24047
24085 24048 24084
24085 24049 24048
24086 24049 24085
24086 24050 24049
24086 24087 24050
24122 24087 24086
24123 24087 24122
24123 24088 24087
24124 24088 24123
24124 24089 24088
24125 24089 24124
24125 24090 24089
24126 24090 24125
24126 24091 24090
24126 24127 24091
24161 24127 24126
24162 24127 24161
24128 24127 24092
24128 24092 24127
24128 24093 24092
24128 24129 24093
24163 24129 24128
24163 24164 24129
24197 24164 24163
24198 24164 24197
24198 24165 24164
24198 24199 24165
24231 24199 24198
24231 24232 24199
24263 24232 24231
24263 24264 24232
24294 24264 24263
24294 24295 24264
24324 24295 24294
24324 24325 24295
24353 24325 24324
24353 24354 24325
24381 24354 24353
24381 24382 24354
24381 24408 24407
24407 24408 24381
24407 24433 24432
24432 24433 24407
24432 24457 24456
24456 24457 24432
24456 24480 24479
24479 24480 24456
24502 24480 24479
24502 24503 24480
24524 24503 24502
24524 24525 24503
24524 24545 24544
24544 24545 24524
24544 24564 24563
24563 24564 24544
24563 24582 24581
24581 24582 24563
24581 24599 24598
24598 24599 24581
24598 24615 24614
24614 24615 24598
24614 24630 24629
24629 24630 24614
24629 24644 24643
24629 24643 24628
24628 24643 24642
24642 24643 24628
24642 24656 24655
24655 24656 24642
24655 24668 24667
24667 24668 24655
24667 24679 24678
24667 24678 24666
24667 24666 24654
24654 24666 24653
24653 24666 24665
24653 24665 24652
24652 24665 24664
24652 24664 24651
24651 24664 24663
24651 24663 24650
24650 24663 24662
24650 24662 24649
24649 24662 24661
24649 24661 24648
24648 24661 24660
24648 24660 24647
24647 24660 24659
24647 24659 24646
24647 24646 24633
24633 24646 24632
24632 24646 24645
24632 24645 24631
24631 24645 21557
24631 21557 21558
24631 21558 24616
24616 21558 21559
</Vertices>
                <Weights>0.00999999 0.99 0
0.00999999 0.99 0
0.00999999 0.99 0
0.00999999 0.99 0
0.00999999 0.99 0
0.00999999 0.99 0
0.00999999 0.99 0
0.00999999 0.99 0
0.00999999 0.99 0
0.00999999 0.99 0
0.00999999 0.99 0
0.00999999 0.99 0
0.00999999 0.99 0
0.00999999 0.99 0
0.00999999 0.99 0
0.00999999 0.99 0
0.00999999 0.99 0
0.00999999 0.99 0
0.00999999 0.99 0
0.00999999 0.99 0
0.00999999 0.99 0
0.00999999 0.99 0
0.00999999 0.99 0
0.00999999 0.99 0
0.00999999 0.99 0
0.00999999 0.99 0
0.00999999 0.99 0
0.00999999 0.99 0
0.00999999 0.99 0
0.00999999 0.99 0
0.00999999 0.99 0
0.00999999 0.99 0
0.00999999 0.99 0
0.00999999 0.99 0
0.00999999 0.99 0
0.00999999 0.99 0
0.00999999 0.99 0
0.00999999 0.99 0
0.00999999 0.99 0
0.00999999 0.99 0
0.00999999 0.99 0
0.00999999 0.99 0
0.00999999 0.99 0
0.00999999 0.99 0
0.00999999 0.99 0
0.00999999 0.99 0
0.00999999 0.99 0
0.00999999 0.99 0
0.00999999 0.99 0
0.00999999 0.99 0
0.00999999 0.99 0
0.00999999 0.99 0
0.00999999 0.99 0
0.00999999 0.99 0
0.00999999 0.99 0
0.00999999 0.99 0
0.00999999 0.99 0
0.00999999 0.99 0
0.00999999 0.99 0
0.00999999 0.99 0
0.00999999 0.99 0
0.00999999 0.99 0
0.00999999 0.99 0
0.00999999 0.99 0
0.00999999 0.99 0
0.00999999 0.99 0
0.00999999 0.99 0
0.00999999 0.99 0
0.00999999 0.99 0
0.00999999 0.99 0
0.00999999 0.99 0
0.00999999 0.99 0
0.00999999 0.99 0
0.00999999 0.99 0
0.00999999 0.99 0
0.00999999 0.99 0
0.00999999 0.99 0
0.00999999 0.99 0
0.00999999 0.99 0
0.00999999 0.99 0
0.00999999 0.99 0
0.00999999 0.99 0
0.00999999 0.99 0
0.00999999 0.99 0
0.00999999 0.99 0
0.00999999 0.99 0
0.00999999 0.99 0
0.00999999 0.99 0
0.00999999 0.99 0
0.00999999 0.99 0
0.00999999 0.99 0
0.00999999 0.99 0
0.00999999 0.99 0
0.00999999 0.99 0
0.00999999 0.99 0
0.00999999 0.99 0
0.00999999 0.99 0
0.00999999 0.99 0
0.00999999 0.99 0
0.00999999 0.99 0
0.00999999 0.99 0
0.00999999 0.99 0
0.00999999 0.99 0
0.00999999 0.99 0
0.00999999 0.99 0
0.00999999 0.99 0
0.00999999 0.99 0
0.00999999 0.99 0
0.00999999 0.99 0
0.00999999 0.99 0
0.00999999 0.99 0
0.00999999 0.99 0
0.00999999 0.99 0
0.00999999 0.99 0
0.00999999 0.99 0
0.00999999 0.99 0
0.00999999 0.99 0
0.00999999 0.99 0
0.00999999 0.99 0
0.00999999 0.99 0
0.00999999 0.99 0
0.00999999 0.99 0
0.00999999 0.99 0
0.00999999 0.99 0
0.00999999 0.99 0
0.00999999 0.99 0
0.00999999 0.99 0
0.00999999 0.99 0
0.00999999 0.99 0
0.00999999 0.99 0
0.00999999 0.99 0
0.00999999 0.99 0
0.00999999 0.99 0
0.00999999 0.99 0
0.00999999 0.99 0
0.00999999 0.99 0
0.00999999 0.99 0
0.00999999 0.99 0
0.00999999 0.99 0
0.00999999 0.99 0
0.00999999 0.99 0
0.00999999 0.99 0
0.00999999 0.99 0
0.00999999 0.99 0
0.00999999 0.99 0
0.00999999 0.99 0
0.00999999 0.99 0
0.00999999 0.99 0
0.00999999 0.99 0
0.00999999 0.99 0
0.00999999 0.99 0
0.00999999 0.99 0
0.00999999 0.99 0
0.00999999 0.99 0
0.00999999 0.99 0
0.00999999 0.99 0
0.00999999 0.99 0
0.00999999 0.99 0
</Weights>
            </BorderPart>
        </Border>
        <Border Name="7Networks_LH_Vis_3" Red="0.470588" Green="0.0705882" Blue="0.521569">
            <BorderPart Closed="True">
                <Vertices>113 112 1654
113 1654 112
1665 1654 113
1665 1655 1654
1666 1655 1665
1666 1656 1655
1667 1656 1666
1657 1656 1645
1657 1645 1656
1657 1646 1645
1658 1646 1657
1658 1647 1646
1659 1647 1658
1659 1648 1647
1660 1648 1659
1649 1648 1636
1649 1636 1648
1649 1637 1636
1649 1650 1637
1661 1650 1649
1661 1662 1650
1672 1662 1661
1672 1673 1662
1672 1682 1681
1681 1682 1672
1690 1682 1681
1690 1691 1682
1690 1698 1697
1697 1698 1690
1704 1698 1697
1704 173 1698
174 173 1704
174 26590 26540
26540 26590 26539
26540 26539 26488
26540 26488 26539
26489 26488 26436
26436 26488 26435
26436 26435 26382
26382 26435 26381
26382 26381 26327
26382 26327 26381
26328 26327 21491
21491 26327 21492
21491 21492 23130
23130 21492 23125
23130 23125 21492
23126 23125 23120
23126 23120 23125
23121 23120 23114
23121 23114 23120
23115 23114 23107
23107 23114 23106
23107 23106 23098
23107 23098 23106
23107 23099 23098
23108 23099 23107
23100 23099 23090
23100 23090 23099
23091 23090 23080
23080 23090 23079
23080 23079 23068
23080 23068 23079
23069 23068 23056
23069 23056 23068
23069 23057 23056
23070 23057 23069
23058 23057 23044
23058 23044 23057
23045 23044 23030
23045 23030 23044
23031 23030 23015
23031 23015 23030
23016 23015 22999
22999 23015 22998
22999 22998 22981
22999 22981 22998
22999 22982 22981
23000 22982 22999
22983 22982 22964
22983 22964 22982
22983 22965 22964
22983 22984 22965
23001 22984 22983
23001 23002 22984
23018 23002 23001
23018 23019 23002
23034 23019 23018
23034 21559 23019
21558 21559 23034
21558 24616 21559
21558 24631 24616
21557 24631 21558
24645 24631 21557
24645 24632 24631
24646 24632 24645
24646 24633 24632
24646 24647 24633
24659 24647 24646
24660 24647 24659
24660 24648 24647
24661 24648 24660
24661 24649 24648
24662 24649 24661
24662 24650 24649
24663 24650 24662
24663 24651 24650
24664 24651 24663
24664 24652 24651
24665 24652 24664
24665 24653 24652
24666 24653 24665
24666 24654 24653
24666 24667 24654
24678 24667 24666
24679 24667 24678
24668 24667 24655
24668 24655 24667
24656 24655 24642
24656 24642 24655
24643 24642 24628
24643 24628 24642
24643 24629 24628
24644 24629 24643
24630 24629 24614
24630 24614 24629
24615 24614 24598
24615 24598 24614
24599 24598 24581
24599 24581 24598
24582 24581 24563
24582 24563 24581
24564 24563 24544
24564 24544 24563
24564 24545 24544
24564 23176 24545
23177 23176 24564
24754 23176 23177
24754 24755 23176
24754 24809 24808
24808 24809 24754
24808 24862 24861
24861 24862 24808
24861 24914 24913
24913 24914 24861
24913 24965 24964
24964 24965 24913
24964 25015 25014
25014 25015 24964
25014 25064 25063
25063 25064 25014
25063 25112 25111
25111 25112 25063
25111 25159 25158
25111 25158 25110
25110 25158 25157
25157 25158 25110
25157 25204 25203
25203 25204 25157
25203 25249 25248
25248 25249 25203
25248 25293 25292
25248 25292 25247
25247 25292 25291
25247 25291 25246
25246 25291 25290
25246 25290 25245
25245 25290 25289
25245 25289 25244
25244 25289 25288
25244 25288 25243
25243 25288 25287
25243 25287 25242
25242 25287 25286
25242 25286 25241
25241 25286 112
25241 112 113
</Vertices>
                <Weights>0.00999999 0.99 0
0.00999999 0.99 0
0.00999999 0.99 0
0.00999999 0.99 0
0.00999999 0.99 0
0.00999999 0.99 0
0.00999999 0.99 0
0.00999999 0.99 0
0.00999999 0.99 0
0.00999999 0.99 0
0.00999999 0.99 0
0.00999999 0.99 0
0.00999999 0.99 0
0.00999999 0.99 0
0.00999999 0.99 0
0.00999999 0.99 0
0.00999999 0.99 0
0.00999999 0.99 0
0.00999999 0.99 0
0.00999999 0.99 0
0.00999999 0.99 0
0.00999999 0.99 0
0.00999999 0.99 0
0.00999999 0.99 0
0.00999999 0.99 0
0.00999999 0.99 0
0.00999999 0.99 0
0.00999999 0.99 0
0.00999999 0.99 0
0.00999999 0.99 0
0.00999999 0.99 0
0.00999999 0.99 0
0.00999999 0.99 0
0.00999999 0.99 0
0.00999999 0.99 0
0.00999999 0.99 0
0.00999999 0.99 0
0.00999999 0.99 0
0.00999999 0.99 0
0.00999999 0.99 0
0.00999999 0.99 0
0.00999999 0.99 0
0.00999999 0.99 0
0.00999999 0.99 0
0.00999999 0.99 0
0.00999999 0.99 0
0.00999999 0.99 0
0.00999999 0.99 0
0.00999999 0.99 0
0.00999999 0.99 0
0.00999999 0.99 0
0.00999999 0.99 0
0.00999999 0.99 0
0.00999999 0.99 0
0.00999999 0.99 0
0.00999999 0.99 0
0.00999999 0.99 0
0.00999999 0.99 0
0.00999999 0.99 0
0.00999999 0.99 0
0.00999999 0.99 0
0.00999999 0.99 0
0.00999999 0.99 0
0.00999999 0.99 0
0.00999999 0.99 0
0.00999999 0.99 0
0.00999999 0.99 0
0.00999999 0.99 0
0.00999999 0.99 0
0.00999999 0.99 0
0.00999999 0.99 0
0.00999999 0.99 0
0.00999999 0.99 0
0.00999999 0.99 0
0.00999999 0.99 0
0.00999999 0.99 0
0.00999999 0.99 0
0.00999999 0.99 0
0.00999999 0.99 0
0.00999999 0.99 0
0.00999999 0.99 0
0.00999999 0.99 0
0.00999999 0.99 0
0.00999999 0.99 0
0.00999999 0.99 0
0.00999999 0.99 0
0.00999999 0.99 0
0.00999999 0.99 0
0.00999999 0.99 0
0.00999999 0.99 0
0.00999999 0.99 0
0.00999999 0.99 0
0.00999999 0.99 0
0.00999999 0.99 0
0.00999999 0.99 0
0.00999999 0.99 0
0.00999999 0.99 0
0.00999999 0.99 0
0.00999999 0.99 0
0.00999999 0.99 0
0.00999999 0.99 0
0.00999999 0.99 0
0.00999999 0.99 0
0.00999999 0.99 0
0.00999999 0.99 0
0.00999999 0.99 0
0.00999999 0.99 0
0.00999999 0.99 0
0.00999999 0.99 0
0.00999999 0.99 0
0.00999999 0.99 0
0.00999999 0.99 0
0.00999999 0.99 0
0.00999999 0.99 0
0.00999999 0.99 0
0.00999999 0.99 0
0.00999999 0.99 0
0.00999999 0.99 0
0.00999999 0.99 0
0.00999999 0.99 0
0.00999999 0.99 0
0.00999999 0.99 0
0.00999999 0.99 0
0.00999999 0.99 0
0.00999999 0.99 0
0.00999999 0.99 0
0.00999999 0.99 0
0.00999999 0.99 0
0.00999999 0.99 0
0.00999999 0.99 0
0.00999999 0.99 0
0.00999999 0.99 0
0.00999999 0.99 0
0.00999999 0.99 0
0.00999999 0.99 0
0.00999999 0.99 0
0.00999999 0.99 0
0.00999999 0.99 0
0.00999999 0.99 0
0.00999999 0.99 0
0.00999999 0.99 0
0.00999999 0.99 0
0.00999999 0.99 0
0.00999999 0.99 0
0.00999999 0.99 0
0.00999999 0.99 0
0.00999999 0.99 0
0.00999999 0.99 0
0.00999999 0.99 0
0.00999999 0.99 0
0.00999999 0.99 0
0.00999999 0.99 0
0.00999999 0.99 0
0.00999999 0.99 0
0.00999999 0.99 0
0.00999999 0.99 0
0.00999999 0.99 0
0.00999999 0.99 0
0.00999999 0.99 0
0.00999999 0.99 0
0.00999999 0.99 0
0.00999999 0.99 0
0.00999999 0.99 0
0.00999999 0.99 0
0.00999999 0.99 0
0.00999999 0.99 0
0.00999999 0.99 0
0.00999999 0.99 0
0.00999999 0.99 0
0.00999999 0.99 0
0.00999999 0.99 0
0.00999999 0.99 0
0.00999999 0.99 0
0.00999999 0.99 0
0.00999999 0.99 0
0.00999999 0.99 0
0.00999999 0.99 0
</Weights>
            </BorderPart>
        </Border>
        <Border Name="7Networks_LH_Vis_4" Red="0.470588" Green="0.0705882" Blue="0.529412">
            <BorderPart Closed="True">
                <Vertices>15000 14999 15055
15055 14999 15054
15055 15054 14999
15055 15109 15054
15055 15110 15109
15056 15110 15055
15111 15110 15056
15111 15164 15110
15111 15165 15164
15112 15165 15111
15112 15166 15165
15113 15166 15112
15113 15167 15166
15113 15114 15059
15059 15114 15113
15060 15114 15059
15060 15115 15114
15061 15115 15060
15061 15116 15115
15062 15116 15061
15062 15117 15116
15063 15117 15062
15063 15118 15117
15063 15064 15008
15008 15064 15063
15009 15064 15008
15009 15065 15064
15010 15065 15009
15010 15066 15065
15011 15066 15010
15011 15067 15066
15012 15067 15011
15012 15068 15067
15012 15013 15068
23230 15013 23229
23229 15013 15014
23229 15014 23228
23228 15014 15015
23228 15015 23227
23228 23227 15015
23282 23227 23281
23281 23227 23226
23281 23226 23280
23280 23226 23225
23280 23225 23279
23279 23225 23224
23279 23224 23278
23279 23278 23224
23332 23278 23331
23332 23331 23278
23384 23331 23383
23384 23383 23331
23435 23383 23434
23434 23383 23382
23434 23382 23433
23434 23433 23382
23484 23433 23483
23484 23483 23433
23533 23483 23532
23533 23532 23483
23581 23532 23580
23580 23532 23531
23580 23531 23579
23580 23579 23531
23580 23627 23579
23628 23627 23580
23674 23627 23673
23674 23673 23627
23674 23719 23673
23720 23719 23674
23764 23719 23763
23764 23763 23719
23807 23763 23806
23807 23806 23763
23849 23806 23848
23849 23848 23806
23890 23848 23889
23890 23889 23848
23890 23930 23889
23931 23930 23890
23931 23970 23930
23971 23970 23931
24009 23970 24008
24009 24008 23970
24009 24046 24008
24009 24047 24046
24010 24047 24009
24048 24047 24010
24048 24084 24047
24048 24085 24084
24049 24085 24048
24049 24086 24085
24050 24086 24049
24087 24086 24050
24087 24122 24086
24087 24123 24122
24088 24123 24087
24088 24124 24123
24089 24124 24088
24089 24125 24124
24090 24125 24089
24090 24126 24125
24091 24126 24090
24127 24126 24091
24127 24161 24126
24127 24162 24161
24127 24128 24092
24092 24128 24127
24093 24128 24092
24129 24128 24093
24129 24163 24128
24164 24163 24129
24164 24197 24163
24164 24198 24197
24165 24198 24164
24199 24198 24165
24199 24231 24198
24232 24231 24199
24232 24263 24231
24264 24263 24232
24264 24294 24263
24295 24294 24264
24295 24324 24294
24325 24324 24295
24325 24353 24324
24325 24354 24353
24325 24326 24296
24325 24296 24295
24295 24296 24265
24265 24296 24295
24265 24266 24234
24234 24266 24265
24234 24235 24202
24202 24235 24234
24202 24203 24169
24169 24203 24202
24169 24170 24135
24135 24170 24169
24136 24170 24135
24136 24171 24170
24136 24137 24101
24101 24137 24136
24101 24102 24065
24065 24102 24101
24065 24066 24028
24028 24066 24065
24029 24066 24028
24029 24067 24066
24030 24067 24029
24030 24068 24067
24030 24031 23992
23992 24031 24030
23992 23993 23953
23992 23953 23952
23952 23953 23912
23912 23953 23952
23912 23913 23871
23871 23913 23912
23871 23872 23829
23829 23872 23871
23829 23830 23786
23786 23830 23829
23787 23830 23786
23787 23831 23830
23787 23788 23743
23743 23788 23787
23744 23788 23743
23744 23789 23788
23744 23745 23699
23699 23745 23744
23699 23700 23653
23699 23653 23652
23652 23653 23605
23605 23653 23652
23605 23606 23557
23605 23557 23556
23556 23557 23507
23507 23557 23556
23507 23508 23457
23507 23457 23456
23456 23457 23405
23405 23457 23456
23405 23406 23353
23405 23353 23352
23352 23353 23299
23352 23299 23298
23298 23299 23244
23244 23299 23298
23244 23245 14998
23244 14998 14999
23244 14999 23243
23243 14999 15000
</Vertices>
                <Weights>0.00999999 0.99 0
0.00999999 0.99 0
0.00999999 0.99 0
0.00999999 0.99 0
0.00999999 0.99 0
0.00999999 0.99 0
0.00999999 0.99 0
0.00999999 0.99 0
0.00999999 0.99 0
0.00999999 0.99 0
0.00999999 0.99 0
0.00999999 0.99 0
0.00999999 0.99 0
0.00999999 0.99 0
0.00999999 0.99 0
0.00999999 0.99 0
0.00999999 0.99 0
0.00999999 0.99 0
0.00999999 0.99 0
0.00999999 0.99 0
0.00999999 0.99 0
0.00999999 0.99 0
0.00999999 0.99 0
0.00999999 0.99 0
0.00999999 0.99 0
0.00999999 0.99 0
0.00999999 0.99 0
0.00999999 0.99 0
0.00999999 0.99 0
0.00999999 0.99 0
0.00999999 0.99 0
0.00999999 0.99 0
0.00999999 0.99 0
0.00999999 0.99 0
0.00999999 0.99 0
0.00999999 0.99 0
0.00999999 0.99 0
0.00999999 0.99 0
0.00999999 0.99 0
0.00999999 0.99 0
0.00999999 0.99 0
0.00999999 0.99 0
0.00999999 0.99 0
0.00999999 0.99 0
0.00999999 0.99 0
0.00999999 0.99 0
0.00999999 0.99 0
0.00999999 0.99 0
0.00999999 0.99 0
0.00999999 0.99 0
0.00999999 0.99 0
0.00999999 0.99 0
0.00999999 0.99 0
0.00999999 0.99 0
0.00999999 0.99 0
0.00999999 0.99 0
0.00999999 0.99 0
0.00999999 0.99 0
0.00999999 0.99 0
0.00999999 0.99 0
0.00999999 0.99 0
0.00999999 0.99 0
0.00999999 0.99 0
0.00999999 0.99 0
0.00999999 0.99 0
0.00999999 0.99 0
0.00999999 0.99 0
0.00999999 0.99 0
0.00999999 0.99 0
0.00999999 0.99 0
0.00999999 0.99 0
0.00999999 0.99 0
0.00999999 0.99 0
0.00999999 0.99 0
0.00999999 0.99 0
0.00999999 0.99 0
0.00999999 0.99 0
0.00999999 0.99 0
0.00999999 0.99 0
0.00999999 0.99 0
0.00999999 0.99 0
0.00999999 0.99 0
0.00999999 0.99 0
0.00999999 0.99 0
0.00999999 0.99 0
0.00999999 0.99 0
0.00999999 0.99 0
0.00999999 0.99 0
0.00999999 0.99 0
0.00999999 0.99 0
0.00999999 0.99 0
0.00999999 0.99 0
0.00999999 0.99 0
0.00999999 0.99 0
0.00999999 0.99 0
0.00999999 0.99 0
0.00999999 0.99 0
0.00999999 0.99 0
0.00999999 0.99 0
0.00999999 0.99 0
0.00999999 0.99 0
0.00999999 0.99 0
0.00999999 0.99 0
0.00999999 0.99 0
0.00999999 0.99 0
0.00999999 0.99 0
0.00999999 0.99 0
0.00999999 0.99 0
0.00999999 0.99 0
0.00999999 0.99 0
0.00999999 0.99 0
0.00999999 0.99 0
0.00999999 0.99 0
0.00999999 0.99 0
0.00999999 0.99 0
0.00999999 0.99 0
0.00999999 0.99 0
0.00999999 0.99 0
0.00999999 0.99 0
0.00999999 0.99 0
0.00999999 0.99 0
0.00999999 0.99 0
0.00999999 0.99 0
0.00999999 0.99 0
0.00999999 0.99 0
0.00999999 0.99 0
0.00999999 0.99 0
0.00999999 0.99 0
0.00999999 0.99 0
0.00999999 0.99 0
0.00999999 0.99 0
0.00999999 0.99 0
0.00999999 0.99 0
0.00999999 0.99 0
0.00999999 0.99 0
0.00999999 0.99 0
0.00999999 0.99 0
0.00999999 0.99 0
0.00999999 0.99 0
0.00999999 0.99 0
0.00999999 0.99 0
0.00999999 0.99 0
0.00999999 0.99 0
0.00999999 0.99 0
0.00999999 0.99 0
0.00999999 0.99 0
0.00999999 0.99 0
0.00999999 0.99 0
0.00999999 0.99 0
0.00999999 0.99 0
0.00999999 0.99 0
0.00999999 0.99 0
0.00999999 0.99 0
0.00999999 0.99 0
0.00999999 0.99 0
0.00999999 0.99 0
0.00999999 0.99 0
0.00999999 0.99 0
0.00999999 0.99 0
0.00999999 0.99 0
0.00999999 0.99 0
0.00999999 0.99 0
0.00999999 0.99 0
0.00999999 0.99 0
0.00999999 0.99 0
0.00999999 0.99 0
0.00999999 0.99 0
0.00999999 0.99 0
0.00999999 0.99 0
0.00999999 0.99 0
0.00999999 0.99 0
0.00999999 0.99 0
0.00999999 0.99 0
0.00999999 0.99 0
0.00999999 0.99 0
0.00999999 0.99 0
0.00999999 0.99 0
0.00999999 0.99 0
0.00999999 0.99 0
0.00999999 0.99 0
0.00999999 0.99 0
0.00999999 0.99 0
0.00999999 0.99 0
0.00999999 0.99 0
0.00999999 0.99 0
0.00999999 0.99 0
0.00999999 0.99 0
0.00999999 0.99 0
0.00999999 0.99 0
0.00999999 0.99 0
0.00999999 0.99 0
0.00999999 0.99 0
</Weights>
            </BorderPart>
        </Border>
        <Border Name="7Networks_LH_Vis_5" Red="0.470588" Green="0.0705882" Blue="0.533333">
            <BorderPart Closed="True">
                <Vertices>23151 23150 23745
23745 23150 23700
23745 23700 23699
23745 23699 23744
23745 23744 23699
23789 23744 23788
23788 23744 23743
23788 23743 23787
23788 23787 23743
23831 23787 23830
23830 23787 23786
23830 23786 23829
23830 23829 23786
23872 23829 23871
23872 23871 23829
23913 23871 23912
23913 23912 23871
23953 23912 23952
23953 23952 23912
23953 23992 23952
23993 23992 23953
24031 23992 24030
24031 24030 23992
24068 24030 24067
24067 24030 24029
24067 24029 24066
24066 24029 24028
24066 24028 24065
24066 24065 24028
24102 24065 24101
24102 24101 24065
24137 24101 24136
24137 24136 24101
24171 24136 24170
24170 24136 24135
24170 24135 24169
24170 24169 24135
24203 24169 24202
24203 24202 24169
24235 24202 24234
24235 24234 24202
24266 24234 24265
24266 24265 24234
24296 24265 24295
24296 24295 24265
24296 24325 24295
24326 24325 24296
24354 24325 24353
24354 24353 24325
24354 24381 24353
24382 24381 24354
24408 24381 24407
24408 24407 24381
24433 24407 24432
24433 24432 24407
24457 24432 24456
24457 24456 24432
24480 24456 24479
24480 24479 24456
24480 24502 24479
24503 24502 24480
24503 24524 24502
24525 24524 24503
24545 24524 24544
24545 24544 24524
24545 24564 24544
23176 24564 24545
23176 23177 24564
23176 24754 23177
24755 24754 23176
24809 24754 24808
24809 24808 24754
24862 24808 24861
24862 24861 24808
24914 24861 24913
24914 24913 24861
24965 24913 24964
24965 24964 24913
25015 24964 25014
25015 25014 24964
25064 25014 25063
25064 25063 25014
25064 25112 25063
25064 25113 25112
25065 25113 25064
25114 25113 25065
25114 25161 25113
25114 25162 25161
25115 25162 25114
25163 25162 25115
25163 25209 25162
25163 25210 25209
25164 25210 25163
25211 25210 25164
25211 25256 25210
25211 25257 25256
25212 25257 25211
25258 25257 25212
25258 25302 25257
25258 25303 25302
25259 25303 25258
25259 25304 25303
25259 25260 25214
25214 25260 25259
25215 25260 25214
25215 25261 25260
25216 25261 25215
25216 25262 25261
25217 25262 25216
25217 25263 25262
25217 25218 25171
25171 25218 25217
25172 25218 25171
25172 25219 25218
25173 25219 25172
25173 25220 25219
25174 25220 25173
25174 25221 25220
25175 25221 25174
25175 25222 25221
25176 25222 25175
25176 25223 25222
25177 25223 25176
25224 25223 25177
25224 25269 25223
25224 25270 25269
25225 25270 25224
25225 25271 25270
25225 25226 25179
25179 25226 25225
25180 25226 25179
25180 25227 25226
25180 25181 25133
25133 25181 25180
25133 25134 25085
25085 25134 25133
25086 25134 25085
25086 25135 25134
25086 25087 25037
25086 25037 25036
25036 25037 24986
25036 24986 24985
24985 24986 24934
24985 24934 24933
24985 24933 24984
24984 24933 24932
24932 24933 24880
24880 24933 24932
24881 24933 24880
24881 24934 24933
24882 24934 24881
24882 24935 24934
24883 24935 24882
24936 24935 24883
24936 24987 24935
24936 24988 24987
24936 24937 24884
24884 24937 24936
24885 24937 24884
24885 24938 24937
24886 24938 24885
24886 24939 24938
24887 24939 24886
24887 24940 24939
24887 24888 24834
24887 24834 24833
24833 24834 24779
24779 24834 24833
24779 24780 23151
23151 24780 24779
</Vertices>
                <Weights>0.00999999 0.99 0
0.00999999 0.99 0
0.00999999 0.99 0
0.00999999 0.99 0
0.00999999 0.99 0
0.00999999 0.99 0
0.00999999 0.99 0
0.00999999 0.99 0
0.00999999 0.99 0
0.00999999 0.99 0
0.00999999 0.99 0
0.00999999 0.99 0
0.00999999 0.99 0
0.00999999 0.99 0
0.00999999 0.99 0
0.00999999 0.99 0
0.00999999 0.99 0
0.00999999 0.99 0
0.00999999 0.99 0
0.00999999 0.99 0
0.00999999 0.99 0
0.00999999 0.99 0
0.00999999 0.99 0
0.00999999 0.99 0
0.00999999 0.99 0
0.00999999 0.99 0
0.00999999 0.99 0
0.00999999 0.99 0
0.00999999 0.99 0
0.00999999 0.99 0
0.00999999 0.99 0
0.00999999 0.99 0
0.00999999 0.99 0
0.00999999 0.99 0
0.00999999 0.99 0
0.00999999 0.99 0
0.00999999 0.99 0
0.00999999 0.99 0
0.00999999 0.99 0
0.00999999 0.99 0
0.00999999 0.99 0
0.00999999 0.99 0
0.00999999 0.99 0
0.00999999 0.99 0
0.00999999 0.99 0
0.00999999 0.99 0
0.00999999 0.99 0
0.00999999 0.99 0
0.00999999 0.99 0
0.00999999 0.99 0
0.00999999 0.99 0
0.00999999 0.99 0
0.00999999 0.99 0
0.00999999 0.99 0
0.00999999 0.99 0
0.00999999 0.99 0
0.00999999 0.99 0
0.00999999 0.99 0
0.00999999 0.99 0
0.00999999 0.99 0
0.00999999 0.99 0
0.00999999 0.99 0
0.00999999 0.99 0
0.00999999 0.99 0
0.00999999 0.99 0
0.00999999 0.99 0
0.00999999 0.99 0
0.00999999 0.99 0
0.00999999 0.99 0
0.00999999 0.99 0
0.00999999 0.99 0
0.00999999 0.99 0
0.00999999 0.99 0
0.00999999 0.99 0
0.00999999 0.99 0
0.00999999 0.99 0
0.00999999 0.99 0
0.00999999 0.99 0
0.00999999 0.99 0
0.00999999 0.99 0
0.00999999 0.99 0
0.00999999 0.99 0
0.00999999 0.99 0
0.00999999 0.99 0
0.00999999 0.99 0
0.00999999 0.99 0
0.00999999 0.99 0
0.00999999 0.99 0
0.00999999 0.99 0
0.00999999 0.99 0
0.00999999 0.99 0
0.00999999 0.99 0
0.00999999 0.99 0
0.00999999 0.99 0
0.00999999 0.99 0
0.00999999 0.99 0
0.00999999 0.99 0
0.00999999 0.99 0
0.00999999 0.99 0
0.00999999 0.99 0
0.00999999 0.99 0
0.00999999 0.99 0
0.00999999 0.99 0
0.00999999 0.99 0
0.00999999 0.99 0
0.00999999 0.99 0
0.00999999 0.99 0
0.00999999 0.99 0
0.00999999 0.99 0
0.00999999 0.99 0
0.00999999 0.99 0
0.00999999 0.99 0
0.00999999 0.99 0
0.00999999 0.99 0
0.00999999 0.99 0
0.00999999 0.99 0
0.00999999 0.99 0
0.00999999 0.99 0
0.00999999 0.99 0
0.00999999 0.99 0
0.00999999 0.99 0
0.00999999 0.99 0
0.00999999 0.99 0
0.00999999 0.99 0
0.00999999 0.99 0
0.00999999 0.99 0
0.00999999 0.99 0
0.00999999 0.99 0
0.00999999 0.99 0
0.00999999 0.99 0
0.00999999 0.99 0
0.00999999 0.99 0
0.00999999 0.99 0
0.00999999 0.99 0
0.00999999 0.99 0
0.00999999 0.99 0
0.00999999 0.99 0
0.00999999 0.99 0
0.00999999 0.99 0
0.00999999 0.99 0
0.00999999 0.99 0
0.00999999 0.99 0
0.00999999 0.99 0
0.00999999 0.99 0
0.00999999 0.99 0
0.00999999 0.99 0
0.00999999 0.99 0
0.00999999 0.99 0
0.00999999 0.99 0
0.00999999 0.99 0
0.00999999 0.99 0
0.00999999 0.99 0
0.00999999 0.99 0
0.00999999 0.99 0
0.00999999 0.99 0
0.00999999 0.99 0
0.00999999 0.99 0
0.00999999 0.99 0
0.00999999 0.99 0
0.00999999 0.99 0
0.00999999 0.99 0
0.00999999 0.99 0
0.00999999 0.99 0
0.00999999 0.99 0
0.00999999 0.99 0
0.00999999 0.99 0
0.00999999 0.99 0
0.00999999 0.99 0
0.00999999 0.99 0
0.00999999 0.99 0
</Weights>
            </BorderPart>
        </Border>
        <Border Name="7Networks_LH_Vis_6" Red="0.470588" Green="0.0705882" Blue="0.537255">
            <BorderPart Closed="True">
                <Vertices>95 94 1285
95 1285 94
1314 1285 95
1314 1286 1285
1315 1286 1314
1315 1287 1286
1315 1316 1287
1343 1316 1315
1344 1316 1343
1344 1317 1316
1345 1317 1344
1345 1318 1317
1345 1346 1318
1372 1346 1345
1373 1346 1372
1373 1347 1346
1373 1374 1347
1399 1374 1373
1400 1374 1399
1375 1374 1348
1375 1348 1374
1375 1349 1348
1375 1376 1349
1401 1376 1375
1401 1402 1376
1426 1402 1401
1427 1402 1426
1427 1403 1402
1428 1403 1427
1428 1404 1403
1429 1404 1428
1405 1404 1379
1405 1379 1404
1380 1379 1353
1380 1353 1379
1380 1354 1353
1380 1381 1354
1406 1381 1380
1406 1407 1381
1431 1407 1406
1431 1432 1407
1431 1455 1454
1454 1455 1431
1477 1455 1454
1478 1455 1477
1478 1456 1455
1478 1479 1456
1478 1500 1499
1499 1500 1478
1520 1500 1499
1520 1521 1500
1540 1521 1520
1540 1541 1521
1559 1541 1540
1559 1560 1541
1577 1560 1559
1577 1578 1560
1594 1578 1577
1594 1595 1578
1594 1610 1609
1609 1610 1594
1609 1624 1623
1623 1624 1609
1623 1637 1636
1636 1637 1623
1636 1649 1648
1648 1649 1636
1648 1660 1659
1648 1659 1647
1647 1659 1658
1647 1658 1646
1646 1658 1657
1646 1657 1645
1645 1657 1656
1656 1657 1645
1656 1667 1666
1656 1666 1655
1655 1666 1665
1655 1665 1654
1654 1665 113
1654 113 112
112 113 1654
112 25241 113
25286 25241 112
25286 25242 25241
25287 25242 25286
25287 25243 25242
25288 25243 25287
25288 25244 25243
25289 25244 25288
25289 25245 25244
25290 25245 25289
25290 25246 25245
25291 25246 25290
25291 25247 25246
25292 25247 25291
25292 25248 25247
25293 25248 25292
25249 25248 25203
25249 25203 25248
25204 25203 25157
25204 25157 25203
25158 25157 25110
25158 25110 25157
25158 25111 25110
25159 25111 25158
25112 25111 25063
25112 25063 25111
25112 25064 25063
25113 25064 25112
25113 25065 25064
25113 25114 25065
25161 25114 25113
25162 25114 25161
25162 25115 25114
25162 25163 25115
25209 25163 25162
25210 25163 25209
25210 25164 25163
25210 25211 25164
25256 25211 25210
25257 25211 25256
25257 25212 25211
25257 25258 25212
25302 25258 25257
25303 25258 25302
25303 25259 25258
25304 25259 25303
25260 25259 25214
25260 25214 25259
25260 25215 25214
25261 25215 25260
25261 25216 25215
25262 25216 25261
25262 25217 25216
25263 25217 25262
25218 25217 25171
25218 25171 25217
25218 25172 25171
25219 25172 25218
25219 25173 25172
25220 25173 25219
25220 25174 25173
25221 25174 25220
25221 25175 25174
25222 25175 25221
25222 25176 25175
25223 25176 25222
25223 25177 25176
25223 25224 25177
25269 25224 25223
25270 25224 25269
25270 25225 25224
25270 25271 25225
25315 25271 25270
25315 25316 25271
25315 25359 25358
25358 25359 25315
25358 25401 25400
25400 25401 25358
25442 25401 25400
25442 25443 25401
25442 25483 25482
25482 25483 25442
25482 25522 25521
25521 25522 25482
25521 25560 25559
25559 25560 25521
25559 25597 25596
25596 25597 25559
25596 25633 25632
25596 25632 25595
25595 25632 25631
25631 25632 25595
25631 25667 25666
25666 25667 25631
25666 25701 25700
25700 25701 25666
25700 25734 25733
25733 25734 25700
25733 25766 25765
25765 25766 25733
25765 25797 25796
25765 25796 25764
25764 25796 25795
25795 25796 25764
25795 25826 25825
25825 25826 25795
25825 25855 25854
25854 25855 25825
25854 25883 25882
25854 25882 25853
25853 25882 25881
25881 25882 25853
25881 25909 25908
25881 25908 25880
25880 25908 25907
25880 25907 25879
25879 25907 25906
25879 25906 25878
25878 25906 25905
25905 25906 25878
25905 25932 25931
25905 25931 25904
25904 25931 25930
25904 25930 25903
25903 25930 25929
25903 25929 25902
25902 25929 25928
25928 25929 25902
25928 25954 25953
25928 25953 25927
25927 25953 25952
25927 25952 25926
25926 25952 25951
25926 25951 25925
25925 25951 93
25925 93 94
25925 94 25898
25898 94 95
</Vertices>
                <Weights>0.00999999 0.99 0
0.00999999 0.99 0
0.00999999 0.99 0
0.00999999 0.99 0
0.00999999 0.99 0
0.00999999 0.99 0
0.00999999 0.99 0
0.00999999 0.99 0
0.00999999 0.99 0
0.00999999 0.99 0
0.00999999 0.99 0
0.00999999 0.99 0
0.00999999 0.99 0
0.00999999 0.99 0
0.00999999 0.99 0
0.00999999 0.99 0
0.00999999 0.99 0
0.00999999 0.99 0
0.00999999 0.99 0
0.00999999 0.99 0
0.00999999 0.99 0
