5.065214338043878550e-01
4.934785661956122005e-01
